 Residue num   Total   Apolar  Backbone Sidechain Ratio(%)
 ARG      7   199.69    74.11    47.11   152.58     78.0
 LYS      8   224.30   150.37    42.98   181.32    100.0
 THR      9    73.62    52.30    21.74    51.87     48.8      
 SER     10   130.84    65.99    45.97    84.87    100.0
 SER     11    44.10    37.25    12.55    31.54     40.8      
 LEU     12    82.21    80.86     3.43    78.78     53.9
 SER     13    27.40     7.51     0.99    26.41     34.1      
 ILE     14    17.96    17.96     0.00    17.96     12.2
 LEU     15     8.20     8.07     0.13     8.07      5.5
 ALA     16    36.02    22.57    26.78     9.23     14.2
 ILE     17    52.02    33.09    24.35    27.66     18.8
 ALA     18     1.12     0.51     1.12     0.00      0.0
 GLY     19    82.31    48.61    82.31     0.00     94.4
 VAL     20    26.51    16.22    15.01    11.50      9.4
 GLU     21   142.17    52.12     4.89   137.28     97.2
 PRO     22    59.62    52.20     7.43    52.20     49.6      
 TYR     23    28.00    17.84     6.41    21.59     11.2
 GLN     24   144.47    63.99    11.51   132.96     92.5
 GLU     25   100.95    33.03    20.15    80.80     57.2
 LYS     26   132.24    84.86     7.49   124.76     75.8
 PRO     27   150.01   123.37    42.86   107.16    100.0
 GLY     28    79.21    49.38    79.21     0.00     90.8
 GLU     29    50.33    26.78    31.60    18.73     13.3
 GLU     30   105.96    64.30    16.82    89.13     63.1
 TYR     31    29.79    26.93     9.96    19.83     10.3
 MET     32    14.84     5.76     9.09     5.76      3.6
 ASN     33    34.94    32.37     7.12    27.83     24.3      
 GLU     34   139.08    53.39     1.31   137.77     97.6
 ALA     35    63.55    59.20    13.25    50.30     77.5
 GLN     36     2.51     0.06     0.05     2.47      1.7
 LEU     37    26.78    26.78     0.00    26.78     18.3
 ALA     38    55.76    50.98     6.96    48.80     75.2
 HIS     39    29.11    29.11     7.35    21.76     14.1
 PHE     40     0.12     0.12     0.00     0.12      0.1
 ARG     41   114.28    35.26     0.00   114.28     58.5
 ARG     42   110.49    61.32     0.60   109.89     56.2
 ILE     43     0.00     0.00     0.00     0.00      0.0
 LEU     44     0.00     0.00     0.00     0.00      0.0
 GLU     45    55.73    23.37     0.35    55.38     39.2      
 ALA     46    11.05    10.88     7.99     3.06      4.7
 TRP     47    21.27    14.33     0.00    21.27      9.5
 ARG     48    61.13     4.57     0.00    61.13     31.3      
 ASN     49    73.28    20.53     0.24    73.04     63.9
 GLN     50    73.40     4.38     0.12    73.28     51.0
 LEU     51    11.04    11.04     0.00    11.04      7.5
 ARG     52    89.74    18.67     0.96    88.77     45.4      
 ASP     53    67.81    11.13     2.08    65.73     58.2
 GLU     54    69.18    29.59     1.66    67.51     47.8      
 VAL     55    16.23    16.23     0.00    16.23     13.3
 ASP     56    85.94    31.09     5.18    80.76     71.5
 ARG     57   146.37    95.44     5.63   140.73     72.0
 THR     58    25.58     6.26     5.06    20.52     19.3
 VAL     59    55.77    55.77     0.04    55.73     45.6      
 THR     60    78.61    53.04     0.43    78.19     73.6
 HIS     61    75.45    58.16     2.33    73.12     47.3      
 MET     62    11.43    10.72     0.71    10.72      6.8
 GLN     63   108.28    39.01     6.63   101.65     70.7
 ASP     64    73.36     9.23     1.60    71.76     63.5
 GLU     65    17.72    15.37     5.81    11.91      8.4
 ALA     66    87.04    64.47    36.59    50.45     77.7
 ALA     67    67.57    56.55    21.47    46.10     71.0
 ASN     68    95.88    40.69    10.74    85.14     74.5
 PHE     69   192.49   165.66    28.46   164.04     91.1
 PRO     70    56.18    42.69    27.81    28.37     27.0      
 ASP     71    93.50    13.27     4.54    88.96     78.7
 PRO     72   111.84   109.14     9.98   101.87     96.8
 VAL     73   137.91   122.62    24.31   113.60     92.9
 ASP     74    67.06    21.55     2.09    64.97     57.5
 ARG     75   135.65    60.33     0.00   135.65     69.4
 ALA     76    62.70    57.73     6.06    56.64     87.3
 ALA     77    50.89    49.32     4.32    46.58     71.8
 GLN     78    39.89    21.93     5.11    34.78     24.2      
 GLU     79    96.38    49.27     7.57    88.81     62.9
 GLU     80    99.81    51.55    10.52    89.29     63.2
 GLU     81    65.54    20.23     0.00    65.54     46.4      
 PHE     82    67.22    67.22     0.00    67.22     37.3      
 SER     83    50.27    40.98     2.27    48.00     62.0
 LEU     84   114.19   114.07     2.16   112.03     76.6
 GLU     85    25.24    25.24     4.88    20.36     14.4
 LEU     86    42.58    42.58     0.00    42.58     29.1      
 ARG     87   128.42    61.60     1.81   126.61     64.8
 ASN     88    67.65    10.88     0.00    67.65     59.2
 ARG     89    51.55     7.79     0.00    51.55     26.4      
 ASP     90    39.96    27.87     4.70    35.26     31.2      
 ARG     91   142.89    73.12     8.63   134.26     68.7
 GLU     92    20.89    12.53     0.46    20.43     14.5
 ARG     93   109.35    44.15     1.05   108.30     55.4
 LYS     94   160.37   115.35     2.90   157.46     95.7
 LEU     95    56.50    56.50     3.39    53.11     36.3      
 ILE     96    13.18    13.18     0.00    13.18      8.9
 LYS     97   117.16    84.84     4.99   112.17     68.2
 LYS     98    74.18    39.64     5.24    68.94     41.9      
 ILE     99     0.00     0.00     0.00     0.00      0.0
 GLU    100    37.78    22.09     2.12    35.67     25.3      
 LYS    101    81.16    73.31     4.23    76.93     46.8      
 THR    102     0.00     0.00     0.00     0.00      0.0
 LEU    103    30.83    27.00     3.83    27.00     18.5
 LYS    104   137.19    93.03     0.47   136.72     83.1
 LYS    105    30.94    30.10     2.55    28.39     17.3
 VAL    106     6.42     4.20     2.22     4.20      3.4
 GLU    107   127.40    65.83    29.85    97.55     69.1
 ASP    108    88.91    19.64    17.87    71.05     62.9
 GLU    109   124.58    32.79    26.29    98.28     69.6
 ASP    110    95.29     7.23    11.14    84.15     74.5
 PHE    111     4.96     2.20     3.10     1.86      1.0
 GLY    112     3.90     1.24     3.90     0.00      4.5
 TYR    113    86.96    60.40     9.91    77.05     39.9      
 CYS    114     5.17     0.00     5.17     0.00      0.0
 GLU    115   106.05    39.65    36.32    69.74     49.4      
 SER    116    69.96    21.34    41.31    28.65     37.0      
 CYS    117    50.28    44.09    10.87    39.41     38.5      
 GLY    118    64.22    48.67    64.22     0.00     73.6
 VAL    119    84.95    84.53     9.65    75.30     61.6
 GLU    120    89.47    25.88    10.57    78.90     55.9
 ILE    121     2.66     2.66     2.16     0.50      0.3
 GLY    122    37.52    33.79    37.52     0.00     43.0      
 ILE    123    20.03    17.53     2.51    17.53     11.9
 ARG    124   125.51    87.06     6.16   119.35     61.0
 ARG    125    46.74    35.83     6.68    40.06     20.5      
 LEU    126     0.31     0.31     0.00     0.31      0.2
 GLU    127     8.45     6.58     0.46     7.99      5.7
 ALA    128    42.68    40.48     4.66    38.02     58.6
 ARG    129   125.65    50.45     0.00   125.65     64.3
 PRO    130     0.00     0.00     0.00     0.00      0.0
 THR    131     4.84     4.84     0.00     4.84      4.6
 ALA    132     9.92     5.45     9.55     0.37      0.6
 ASP    133    25.86    13.97     2.19    23.67     20.9      
 LEU    134    31.24    30.03     1.21    30.03     20.5      
 CYS    135    10.90     6.51     0.03    10.88     10.6
 ILE    136   102.21   102.21     0.00   102.21     69.4
 ASP    137    94.91    29.02     5.73    89.19     78.9
 CYS    138    17.39     0.11     0.33    17.06     16.7
 LYS    139    68.60    36.10     0.14    68.46     41.6      
 THR    140    51.51    42.81     0.00    51.51     48.5      
 LEU    141   101.06   101.05     0.01   101.05     69.1
 ALA    142    35.79    33.44     3.12    32.67     50.3
 GLU    143    84.62    32.56     4.61    80.01     56.7
 ILE    144    66.89    66.89     0.00    66.89     45.4      
 ARG    145   110.72    54.08     1.57   109.15     55.8
 GLU    146    95.48    41.04     0.32    95.16     67.4
 LYS    147   135.45    90.81    13.06   122.39     74.4
 GLN    148   122.20    40.00    22.20   100.00     69.6
 MET    149   144.38   117.16    39.96   104.42     66.0
 ALA    150    76.90    52.60    38.01    38.89     59.9
 GLY    151   111.35    47.37    87.33    24.02    100.0