,Residue,Total,Apolar,Backbone,Sidechain,Ratio(%),In/Out
,LEU,4,197.12,163.15,36.40,160.72,100.0,o
,PHE,5,182.12,180.71,6.87,175.26,97.3,o
,SER,6,79.22,43.93,3.55,75.68,97.8,o
,SER,7,66.50,39.12,9.62,56.88,73.5,o
,ILE,8,60.66,60.66,7.44,53.22,36.1,
,LEU,9,33.64,31.73,9.40,24.24,16.6,i
,PHE,10,77.90,77.90,0.00,77.90,43.3,
,SER,11,66.51,37.30,8.02,58.49,75.6,o
,ILE,12,108.34,108.34,0.00,108.33,73.5,o
,ALA,13,19.12,17.19,11.09,8.02,12.4,i
,THR,14,43.75,42.14,1.05,42.69,40.2,
,PHE,15,114.91,114.91,5.31,109.60,60.9,o
,PHE,16,126.70,124.42,2.28,124.42,69.1,o
,SER,17,23.61,8.74,6.39,17.22,22.3,
,ARG,18,128.55,47.95,4.79,123.76,63.3,o
,ILE,19,65.35,65.34,0.01,65.34,44.4,
,LEU,20,43.05,43.05,2.36,40.69,27.8,
,GLY,21,10.29,10.29,10.29,0.00,11.8,i
,LEU,22,17.17,16.68,4.29,12.88,8.8,i
,PHE,23,89.08,89.08,1.31,87.76,48.7,
,ARG,24,35.10,3.94,0.13,34.96,17.9,i
,ASP,25,3.17,0.49,0.00,3.17,2.8,i
,VAL,26,21.80,21.80,0.00,21.80,17.8,i
,LEU,27,8.91,8.91,0.00,8.91,6.1,i
,PHE,28,0.68,0.68,0.00,0.68,0.4,i
,ALA,29,0.00,0.00,0.00,0.00,0.0,i
,LYS,30,92.48,43.88,5.11,87.37,53.1,o
,TYR,31,60.03,18.01,24.04,36.00,18.6,i
,PHE,32,14.25,8.03,8.52,5.73,3.2,i
,GLY,33,0.37,0.37,0.37,0.00,0.4,i
,VAL,34,29.11,5.94,23.16,5.94,4.9,i
,SER,35,27.83,22.92,7.43,20.41,26.4,
,TYR,36,69.07,33.54,0.27,68.81,35.6,
,GLU,37,44.92,1.37,0.00,44.92,31.8,
,LEU,38,0.00,0.00,0.00,0.00,0.0,i
,ASP,39,4.26,0.00,0.00,4.26,3.8,i
,ALA,40,0.00,0.00,0.00,0.00,0.0,i
,TYR,41,1.46,0.21,0.00,1.46,0.8,i
,PHE,42,1.14,1.14,0.00,1.14,0.6,i
,ILE,43,0.00,0.00,0.00,0.00,0.0,i
,ALA,44,0.00,0.00,0.00,0.00,0.0,i
,ILE,45,4.07,4.07,0.00,4.07,2.8,i
,MET,46,1.54,1.54,0.00,1.54,1.0,i
,PHE,47,62.42,62.42,0.00,62.42,34.7,
,PRO,48,0.60,0.60,0.00,0.60,0.6,i
,PHE,49,66.48,66.38,0.18,66.29,36.8,
,PHE,50,16.64,16.64,0.00,16.64,9.2,i
,LEU,51,6.87,6.87,0.04,6.82,4.7,i
,ARG,52,36.32,27.69,2.79,33.53,17.1,i
,LYS,53,72.48,52.11,7.25,65.23,39.7,
,VAL,54,0.34,0.34,0.00,0.34,0.3,i
,PHE,55,15.02,1.44,13.58,1.44,0.8,i
,GLY,56,62.65,33.47,62.65,0.00,71.8,o
,GLU,57,97.87,10.85,21.40,76.46,54.2,o
,GLY,58,21.54,21.54,21.54,0.00,24.7,
,ALA,59,0.00,0.00,0.00,0.00,0.0,i
,MET,60,2.60,2.60,0.00,2.60,1.6,i
,SER,61,27.48,21.12,0.72,26.77,34.6,
,SER,62,50.79,27.70,23.08,27.72,35.8,
,ALA,63,0.00,0.00,0.00,0.00,0.0,i
,PHE,64,0.00,0.00,0.00,0.00,0.0,i
,VAL,65,46.55,46.55,0.00,46.55,38.1,
,PRO,66,63.41,60.73,10.43,52.99,50.4,o
,LEU,67,30.80,30.80,0.00,30.80,21.1,
,TYR,68,10.34,5.14,0.00,10.34,5.4,i
,SER,69,61.07,39.82,22.81,38.27,49.4,
,GLU,70,118.29,43.96,41.58,76.71,54.3,o
,LYS,71,31.09,13.97,11.27,19.82,12.0,i
,SER,72,84.14,49.29,5.94,78.21,100.0,o
,GLY,73,71.11,63.25,71.11,0.00,81.6,o
,GLU,74,0.00,0.00,0.00,0.00,0.0,i
,GLU,75,62.70,35.74,4.36,58.34,41.3,
,LYS,76,53.31,18.68,0.00,53.31,32.4,
,ASP,77,19.18,0.16,0.09,19.10,16.9,i
,LYS,78,59.80,21.75,0.00,59.80,36.4,
,PHE,79,0.85,0.85,0.00,0.85,0.5,i
,LEU,80,2.86,2.86,0.00,2.86,2.0,i
,SER,81,3.88,0.72,0.72,3.16,4.1,i
,SER,82,0.00,0.00,0.00,0.00,0.0,i
,VAL,83,0.00,0.00,0.00,0.00,0.0,i
,ILE,84,24.86,24.71,0.45,24.41,16.6,i
,ASN,85,20.62,10.59,1.90,18.72,16.4,i
,GLY,86,1.43,1.26,1.43,0.00,1.6,i
,PHE,87,9.39,9.39,0.00,9.39,5.2,i
,SER,88,28.47,26.18,1.43,27.05,34.9,
,LEU,89,118.46,114.50,4.38,114.08,78.0,o
,ILE,90,73.08,73.08,3.73,69.35,47.1,
,ILE,91,6.89,6.89,0.34,6.55,4.4,i
,LEU,92,108.39,108.39,2.83,105.56,72.2,o
,ALA,93,56.10,54.34,8.28,47.82,73.7,o
,LEU,94,102.28,98.31,4.01,98.26,67.2,o
,VAL,95,32.52,32.31,0.83,31.69,25.9,
,ILE,96,85.90,85.90,1.40,84.50,57.4,o
,LEU,97,84.36,84.36,0.00,84.36,57.7,o
,SER,98,6.42,5.23,3.26,3.17,4.1,i
,TYR,99,124.10,78.75,5.82,118.28,61.3,o
,PHE,100,125.39,110.95,17.50,107.89,59.9,o
,PHE,101,102.08,102.03,0.05,102.03,56.7,o
,PRO,102,1.36,1.36,0.00,1.36,1.3,i
,GLU,103,82.40,53.06,0.00,82.40,58.4,o
,LEU,104,110.92,102.66,13.55,97.37,66.6,o
,ILE,105,27.17,27.17,0.26,26.91,18.3,i
,ILE,106,3.44,3.44,0.00,3.44,2.3,i
,ASN,107,60.54,22.89,7.38,53.15,46.5,
,LEU,108,84.85,82.97,8.75,76.10,52.1,o
,PHE,109,1.13,1.13,0.00,1.13,0.6,i
,GLY,110,0.00,0.00,0.00,0.00,0.0,i
,ALA,111,31.72,21.63,10.09,21.63,33.3,
,GLY,112,24.41,5.86,24.41,0.00,28.0,
,SER,113,18.24,9.98,14.70,3.55,4.6,i
,SER,114,49.82,48.42,15.05,34.77,44.9,
,HIS,115,142.82,118.16,6.96,135.86,87.9,o
,GLU,116,75.61,35.22,4.74,70.88,50.2,o
,THR,117,1.37,0.09,0.00,1.37,1.3,i
,LYS,118,54.62,32.95,0.57,54.04,32.9,
,ILE,119,99.30,98.49,2.82,96.48,65.5,o
,LEU,120,29.10,29.10,1.96,27.14,18.6,i
,ALA,121,0.00,0.00,0.00,0.00,0.0,i
,LYS,122,99.11,57.98,0.00,99.11,60.2,o
,LYS,123,109.64,65.17,2.13,107.51,65.4,o
,LEU,124,0.04,0.04,0.00,0.04,0.0,i
,LEU,125,0.84,0.80,0.03,0.80,0.5,i
,LEU,126,77.31,65.94,14.34,62.98,43.1,
,ILE,127,29.28,29.28,1.70,27.58,18.7,i
,THR,128,0.00,0.00,0.00,0.00,0.0,i
,SER,129,5.45,5.45,1.46,3.99,5.2,i
,PRO,130,42.22,42.22,0.91,41.31,39.3,
,SER,131,0.00,0.00,0.00,0.00,0.0,i
,ILE,132,17.20,17.20,0.00,17.20,11.7,i
,TYR,133,69.95,46.63,0.00,69.95,36.2,
,PHE,134,39.32,39.32,0.00,39.32,21.8,
,ILE,135,0.94,0.94,0.21,0.73,0.5,i
,PHE,136,15.60,15.60,0.00,15.60,8.7,i
,LEU,137,12.67,12.67,0.00,12.67,8.7,i
,TRP,138,16.57,16.57,0.00,16.57,7.4,i
,ALA,139,3.49,2.56,2.00,1.49,2.3,i
,ILE,140,0.21,0.21,0.00,0.21,0.1,i
,SER,141,0.00,0.00,0.00,0.00,0.0,i
,TYR,142,47.79,33.57,0.00,47.79,24.7,
,SER,143,0.29,0.00,0.00,0.29,0.4,i
,ILE,144,0.18,0.18,0.00,0.18,0.1,i
,LEU,145,29.56,29.56,0.00,29.56,20.2,
,ASN,146,32.87,8.34,6.78,26.09,22.8,
,THR,147,39.44,16.33,31.45,7.98,7.5,i
,ASN,148,73.35,20.19,15.51,57.84,50.6,o
,ASN,149,107.18,27.68,13.36,93.82,82.1,o
,LYS,150,114.87,70.71,4.68,110.19,67.0,o
,PHE,151,114.11,111.69,2.65,111.46,61.9,o
,PHE,152,57.37,55.83,3.73,53.63,29.8,
,TRP,153,183.73,165.98,1.09,182.64,81.3,o
,PRO,154,3.50,3.50,0.00,3.50,3.3,i
,ALA,155,32.86,19.75,15.74,17.12,26.4,
,LEU,156,30.87,28.50,2.62,28.25,19.3,i
,THR,157,9.71,9.71,1.81,7.91,7.4,i
,PRO,158,54.17,53.18,1.00,53.17,50.5,o
,SER,159,18.80,17.04,0.26,18.54,24.0,
,ILE,160,45.04,45.04,0.35,44.69,30.3,
,SER,161,5.52,4.25,0.00,5.52,7.1,i
,ASN,162,19.00,0.00,0.00,19.00,16.6,i
,ILE,163,83.69,83.69,0.05,83.64,56.8,o
,THR,164,14.13,12.94,1.89,12.24,11.5,i
,ILE,165,7.20,7.20,0.00,7.20,4.9,i
,ILE,166,11.23,11.23,0.05,11.18,7.6,i
,ILE,167,91.08,91.08,0.02,91.06,61.8,o
,GLY,168,4.21,4.21,4.21,0.00,4.8,i
,THR,169,0.17,0.12,0.00,0.17,0.2,i
,PHE,170,92.08,83.82,8.26,83.81,46.5,
,LEU,171,81.07,81.07,0.86,80.20,54.9,o
,SER,172,9.13,0.54,7.13,2.00,2.6,i
,THR,173,106.32,64.57,40.41,65.92,62.1,o
,LYS,174,159.42,89.01,36.44,122.98,74.8,o
,TYR,175,145.46,88.87,26.42,119.04,61.6,o
,GLY,176,28.60,27.87,28.60,0.00,32.8,
,ILE,177,9.90,9.87,0.03,9.87,6.7,i
,ILE,178,42.48,42.43,0.04,42.43,28.8,
,SER,179,7.21,2.46,3.42,3.79,4.9,i
,PRO,180,0.00,0.00,0.00,0.00,0.0,i
,THR,181,0.00,0.00,0.00,0.00,0.0,i
,ILE,182,70.85,70.85,0.00,70.85,48.1,
,GLY,183,4.38,4.38,4.38,0.00,5.0,i
,PHE,184,6.01,6.01,0.00,6.01,3.3,i
,LEU,185,32.40,32.40,0.00,32.40,22.2,
,ILE,186,75.54,75.54,0.00,75.54,51.3,o
,GLY,187,0.00,0.00,0.00,0.00,0.0,i
,SER,188,0.61,0.51,0.61,0.00,0.0,i
,ILE,189,37.84,37.84,0.00,37.84,25.7,
,LEU,190,75.18,73.85,1.36,73.82,50.5,o
,MET,191,1.17,1.17,0.00,1.17,0.7,i
,PHE,192,12.75,12.75,0.00,12.75,7.1,i
,PHE,193,100.36,89.83,10.53,89.83,49.9,
,SER,194,56.73,31.99,39.14,17.59,22.7,
,ILE,195,17.51,17.51,6.38,11.13,7.6,i
,ILE,196,46.26,46.26,0.00,46.26,31.4,
,LYS,197,90.37,90.37,0.09,90.28,54.9,o
,SER,198,8.19,2.29,2.41,5.78,7.5,i
,ILE,199,15.71,14.77,0.95,14.77,10.0,i
,ILE,200,111.14,91.54,24.03,87.11,59.1,o
,LYS,201,127.96,76.33,41.63,86.34,52.5,o
,HIS,202,23.93,11.92,12.91,11.01,7.1,i
,LYS,203,134.33,108.09,13.82,120.51,73.3,o
,TYR,204,124.71,105.91,12.64,112.07,58.0,o
,TYR,205,49.67,39.52,4.36,45.31,23.5,
,PHE,206,196.42,173.42,23.41,173.02,96.1,o
,THR,207,34.84,28.68,11.48,23.36,22.0,
,ILE,208,84.51,83.97,0.54,83.97,57.0,o
,LYS,209,109.48,80.28,13.69,95.79,58.2,o
,HIS,210,18.15,17.36,0.00,18.15,11.7,i
,PHE,211,16.88,16.88,0.00,16.88,9.4,i
,PRO,212,79.43,74.15,8.16,71.27,67.7,o
,HIS,213,101.22,77.49,10.58,90.64,58.6,o
,PHE,214,0.00,0.00,0.00,0.00,0.0,i
,LEU,215,50.01,49.49,0.53,49.49,33.8,
,LYS,216,100.87,96.58,15.77,85.10,51.7,o
,LEU,217,82.30,81.63,1.95,80.35,55.0,o
,PHE,218,3.92,3.92,0.00,3.92,2.2,i
,PHE,219,105.95,105.95,0.00,105.95,58.8,o
,PRO,220,81.68,79.47,11.15,70.53,67.0,o
,THR,221,35.78,13.87,3.67,32.11,30.2,
,PHE,222,24.52,24.52,0.00,24.52,13.6,i
,MET,223,67.55,67.55,0.00,67.55,42.7,
,THR,224,79.45,56.21,7.52,71.93,67.7,o
,MET,225,36.95,36.95,0.07,36.88,23.3,
,VAL,226,25.91,25.91,0.00,25.91,21.2,
,VAL,227,98.29,98.04,0.24,98.04,80.2,o
,SER,228,63.64,43.48,24.04,39.60,51.2,o
,GLN,229,31.90,4.29,4.29,27.61,19.2,i
,ILE,230,46.03,46.03,0.00,46.03,31.2,
,ASN,231,26.23,16.39,0.06,26.17,22.9,
,THR,232,34.47,21.41,7.54,26.93,25.4,
,VAL,233,9.56,9.56,0.00,9.56,7.8,i
,VAL,234,27.73,27.73,1.21,26.52,21.7,
,ASP,235,19.65,4.71,0.00,19.65,17.4,i
,MET,236,3.95,3.95,0.00,3.95,2.5,i
,ASN,237,31.99,7.95,0.00,31.99,28.0,
,VAL,238,7.49,7.23,0.49,7.00,5.7,i
,VAL,239,0.00,0.00,0.00,0.00,0.0,i
,SER,240,4.28,2.05,4.28,0.00,0.0,i
,PHE,241,114.78,87.99,27.55,87.23,48.4,
,TYR,242,90.03,47.17,15.95,74.08,38.4,
,ASP,243,100.48,34.59,14.03,86.44,76.5,o
,LYS,244,141.08,90.23,22.21,118.87,72.3,o
,GLY,245,0.52,0.52,0.52,0.00,0.6,i
,SER,246,2.29,1.00,0.26,2.03,2.6,i
,ILE,247,2.16,2.12,0.16,1.99,1.4,i
,SER,248,0.00,0.00,0.00,0.00,0.0,i
,TYR,249,15.69,13.85,0.00,15.69,8.1,i
,LEU,250,7.85,7.85,0.00,7.85,5.4,i
,GLN,251,22.39,0.20,0.00,22.39,15.6,i
,TYR,252,1.56,1.56,0.07,1.49,0.8,i
,ALA,253,0.00,0.00,0.00,0.00,0.0,i
,SER,254,22.32,17.01,0.00,22.32,28.8,
,ARG,255,32.75,19.12,8.90,23.85,12.2,i
,PHE,256,12.94,12.94,0.37,12.57,7.0,i
,TYR,257,13.10,12.73,0.00,13.10,6.8,i
,LEU,258,100.79,95.87,4.92,95.87,65.6,o
,LEU,259,40.38,35.75,6.37,34.01,23.3,
,PRO,260,13.19,13.19,2.74,10.45,9.9,i
,TYR,261,51.64,30.17,0.00,51.64,26.7,
,GLY,262,31.49,28.22,31.49,0.00,36.1,
,LEU,263,97.62,97.44,3.76,93.86,64.2,o
,PHE,264,42.36,42.30,0.06,42.30,23.5,
,ALA,265,0.08,0.06,0.08,0.00,0.0,i
,VAL,266,45.47,45.47,0.01,45.46,37.2,
,SER,267,53.42,41.69,11.77,41.66,53.8,o
,VAL,268,30.00,24.81,14.08,15.92,13.0,i
,SER,269,0.12,0.12,0.00,0.12,0.2,i
,THR,270,67.60,64.49,0.11,67.48,63.5,o
,VAL,271,113.93,113.90,4.79,109.14,89.2,o
,VAL,272,11.93,11.93,1.41,10.52,8.6,i
,LEU,273,7.98,6.84,1.14,6.84,4.7,i
,SER,274,67.04,49.47,19.08,47.96,62.0,o
,LYS,275,70.58,70.43,4.92,65.67,39.9,
,ILE,276,0.00,0.00,0.00,0.00,0.0,i
,SER,277,69.81,36.74,22.58,47.23,61.0,o
,ASN,278,140.31,32.14,36.29,104.02,91.0,o
,ASP,279,49.56,22.40,4.82,44.73,39.6,
,ARG,280,114.34,46.45,4.62,109.73,56.1,o
,LYS,281,188.80,124.41,30.53,158.27,96.2,o
,ASN,282,72.21,9.94,5.73,66.48,58.2,o
,PHE,283,37.66,36.78,0.88,36.78,20.4,
,ASN,284,81.14,39.85,0.92,80.23,70.2,o
,TYR,285,149.85,109.96,3.69,146.17,75.7,o
,HIS,286,20.38,20.07,0.00,20.38,13.2,i
,LEU,287,0.00,0.00,0.00,0.00,0.0,i
,ASN,288,22.23,12.50,0.00,22.23,19.4,i
,ASP,289,51.35,5.59,2.12,49.24,43.6,
,ALA,290,0.00,0.00,0.00,0.00,0.0,i
,LEU,291,0.00,0.00,0.00,0.00,0.0,i
,LYS,292,76.97,38.44,0.17,76.80,46.7,
,THR,293,35.12,18.64,5.19,29.93,28.2,
,THR,294,0.03,0.03,0.00,0.03,0.0,i
,LEU,295,0.54,0.54,0.00,0.54,0.4,i
,PHE,296,49.17,49.05,0.11,49.05,27.2,
,PHE,297,69.78,69.72,1.08,68.70,38.1,
,THR,298,0.00,0.00,0.00,0.00,0.0,i
,ILE,299,9.48,9.48,0.00,9.48,6.4,i
,PRO,300,13.36,11.84,1.52,11.84,11.3,i
,SER,301,19.39,12.17,10.82,8.57,11.1,i
,MET,302,36.20,36.20,0.00,36.20,22.9,
,VAL,303,17.99,17.36,3.78,14.21,11.6,i
,GLY,304,15.31,15.26,15.31,0.00,17.6,i
,LEU,305,20.28,19.91,1.68,18.60,12.7,i
,ILE,306,43.27,39.60,3.89,39.38,26.7,
,PHE,307,62.52,45.42,23.99,38.52,21.4,
,LEU,308,5.24,5.24,0.00,5.24,3.6,i
,SER,309,2.64,0.05,0.01,2.63,3.4,i
,THR,310,51.93,34.56,0.27,51.66,48.6,
,PRO,311,37.34,37.34,0.54,36.81,35.0,
,ILE,312,9.20,9.20,0.00,9.20,6.2,i
,ILE,313,0.00,0.00,0.00,0.00,0.0,i
,ARG,314,72.65,30.02,0.00,72.65,37.2,
,PHE,315,57.97,53.78,4.22,53.76,29.8,
,PHE,316,50.57,50.57,1.77,48.79,27.1,
,TYR,317,0.03,0.00,0.00,0.03,0.0,i
,GLU,318,42.50,9.55,10.71,31.79,22.5,
,HIS,319,72.23,62.96,10.28,61.95,40.1,
,GLY,320,62.33,34.03,62.33,0.00,71.5,o
,ALA,321,49.26,42.18,20.63,28.63,44.1,
,PHE,322,3.13,0.00,3.13,0.00,0.0,i
,THR,323,72.50,70.86,7.29,65.21,61.4,o
,SER,324,77.37,46.35,4.46,72.91,94.2,o
,LYS,325,133.67,105.15,6.17,127.50,77.5,o
,ASP,326,8.75,0.00,0.00,8.75,7.7,i
,THR,327,0.47,0.47,0.00,0.47,0.4,i
,LEU,328,102.86,102.29,4.75,98.11,67.1,o
,ILE,329,34.41,34.41,0.00,34.41,23.4,
,THR,330,0.00,0.00,0.00,0.00,0.0,i
,SER,331,2.90,1.30,0.00,2.90,3.7,i
,LYS,332,103.68,64.06,2.58,101.10,61.5,o
,ILE,333,0.00,0.00,0.00,0.00,0.0,i
,LEU,334,0.25,0.25,0.00,0.25,0.2,i
,ILE,335,51.26,51.26,0.03,51.23,34.8,
,ALA,336,2.15,2.15,0.79,1.37,2.1,i
,TYR,337,14.19,9.38,1.34,12.85,6.7,i
,THR,338,0.11,0.11,0.00,0.11,0.1,i
,LEU,339,76.36,75.39,0.97,75.39,51.6,o
,GLY,340,0.33,0.33,0.33,0.00,0.4,i
,LEU,341,0.00,0.00,0.00,0.00,0.0,i
,PRO,342,9.03,9.03,0.00,9.03,8.6,i
,PHE,343,62.63,62.63,0.00,62.63,34.8,
,TYR,344,27.22,25.34,0.06,27.15,14.1,i
,GLY,345,0.00,0.00,0.00,0.00,0.0,i
,ILE,346,9.19,9.19,0.00,9.19,6.2,i
,TYR,347,30.37,26.18,0.00,30.37,15.7,i
,SER,348,12.25,10.95,2.76,9.49,12.3,i
,THR,349,0.00,0.00,0.00,0.00,0.0,i
,ILE,350,0.00,0.00,0.00,0.00,0.0,i
,SER,351,11.22,10.89,0.00,11.22,14.5,i
,ARG,352,63.58,54.51,2.80,60.78,31.1,
,SER,353,0.00,0.00,0.00,0.00,0.0,i
,TYR,354,19.73,12.83,0.00,19.73,10.2,i
,HIS,355,87.13,65.66,8.18,78.95,51.1,o
,ALA,356,21.60,17.27,14.95,6.65,10.2,i
,ILE,357,25.99,24.40,2.43,23.56,16.0,i
,LYS,358,168.49,105.80,21.11,147.38,89.6,o
,ASN,359,41.04,19.16,8.50,32.54,28.5,
,THR,360,90.15,61.74,1.59,88.55,83.4,o
,LYS,361,150.21,105.91,6.44,143.76,87.4,o
,THR,362,18.22,2.09,0.01,18.20,17.1,i
,PRO,363,6.64,5.49,1.14,5.49,5.2,i
,PHE,364,135.14,135.14,4.74,130.41,72.4,o
,ILE,365,60.66,60.66,0.78,59.88,40.7,
,ALA,366,0.00,0.00,0.00,0.00,0.0,i
,ALA,367,44.93,42.87,3.11,41.81,64.4,o
,THR,368,52.46,47.88,5.44,47.02,44.3,
,ILE,369,46.96,46.90,2.25,44.71,30.3,
,VAL,370,16.16,16.16,0.00,16.16,13.2,i
,SER,371,19.39,15.01,0.10,19.28,24.9,
,LEU,372,100.63,100.63,0.00,100.63,68.8,o
,SER,373,14.27,5.50,4.73,9.54,12.3,i
,ASN,374,5.44,0.12,0.00,5.44,4.8,i
,ILE,375,47.24,47.24,0.05,47.18,32.0,
,ILE,376,98.46,98.46,0.59,97.87,66.4,o
,LEU,377,25.78,25.78,0.00,25.78,17.6,i
,ASP,378,0.32,0.00,0.00,0.32,0.3,i
,ILE,379,80.87,78.92,1.95,78.92,53.6,o
,ILE,380,92.34,89.93,8.70,83.65,56.8,o
,PHE,381,62.57,62.57,0.00,62.57,34.7,
,GLY,382,0.06,0.00,0.06,0.00,0.1,i
,LEU,383,89.31,70.34,20.56,68.74,47.0,
,LYS,384,137.15,78.60,23.05,114.10,69.4,o
,TYR,385,114.98,81.54,5.58,109.40,56.7,o
,GLY,386,0.00,0.00,0.00,0.00,0.0,i
,PRO,387,5.66,5.66,0.00,5.66,5.4,i
,ILE,388,49.58,49.58,0.00,49.58,33.7,
,GLY,389,0.00,0.00,0.00,0.00,0.0,i
,VAL,390,0.00,0.00,0.00,0.00,0.0,i
,ALA,391,0.00,0.00,0.00,0.00,0.0,i
,LEU,392,59.25,59.25,0.00,59.25,40.5,
,ALA,393,0.00,0.00,0.00,0.00,0.0,i
,THR,394,25.18,25.10,0.00,25.18,23.7,
,SER,395,2.79,2.26,0.24,2.55,3.3,i
,ILE,396,58.47,58.47,0.00,58.47,39.7,
,ALA,397,0.00,0.00,0.00,0.00,0.0,i
,GLY,398,0.00,0.00,0.00,0.00,0.0,i
,ILE,399,53.90,53.90,0.00,53.90,36.6,
,ILE,400,59.75,59.40,0.35,59.40,40.3,
,GLY,401,0.00,0.00,0.00,0.00,0.0,i
,VAL,402,2.80,2.80,0.00,2.80,2.3,i
,LEU,403,93.19,93.19,0.02,93.17,63.7,o
,TYR,404,58.02,49.47,5.43,52.59,27.2,
,LEU,405,0.00,0.00,0.00,0.00,0.0,i
,LEU,406,43.33,39.21,4.12,39.21,26.8,
,PHE,407,156.88,152.73,8.05,148.84,82.6,o
,SER,408,34.50,14.04,22.16,12.34,15.9,i
,VAL,409,20.90,7.35,19.87,1.04,0.8,i
,LYS,410,169.82,125.55,35.01,134.81,82.0,o
,THR,411,29.64,17.96,13.08,16.56,15.6,i
,PHE,412,48.42,33.81,14.61,33.81,18.8,i
,PRO,413,11.50,11.50,10.68,0.82,0.8,i
,ILE,414,115.69,113.80,1.89,113.80,77.3,o
,LYS,415,88.68,87.65,3.32,85.36,51.9,o
,ASP,416,17.39,0.26,0.00,17.39,15.4,i
,PHE,417,72.67,72.67,0.00,72.67,40.3,
,LEU,418,106.57,103.08,3.82,102.75,70.3,o
,LYS,419,47.35,26.92,1.54,45.81,27.8,
,ILE,420,2.28,2.28,0.00,2.28,1.5,i
,SER,421,23.92,22.89,0.37,23.55,30.4,
,LEU,422,83.24,83.24,2.01,81.24,55.6,o
,ASN,423,0.32,0.00,0.00,0.32,0.3,i
,SER,424,0.27,0.27,0.00,0.27,0.4,i
,LEU,425,101.85,98.32,3.54,98.31,67.2,o
,ILE,426,40.26,40.26,2.46,37.81,25.7,
,MET,427,9.47,9.47,0.00,9.47,6.0,i
,LEU,428,54.92,54.92,0.00,54.92,37.6,
,PHE,429,122.51,122.51,4.02,118.49,65.8,o
,VAL,430,35.46,35.46,0.00,35.46,29.0,
,ILE,431,2.55,2.55,0.00,2.55,1.7,i
,TYR,432,133.13,88.89,3.83,129.30,67.0,o
,LEU,433,101.26,85.15,20.69,80.57,55.1,o
,THR,434,21.09,21.09,0.65,20.44,19.2,i
,ASP,435,76.95,3.73,25.16,51.79,45.8,
,PHE,436,145.64,122.05,33.90,111.75,62.0,o
,THR,437,60.51,24.91,30.22,30.28,28.5,
,ASP,438,143.02,38.77,33.45,109.58,97.0,o
,ASN,439,79.43,26.28,18.60,60.83,53.2,o
,GLU,440,68.93,24.42,8.47,60.45,42.8,
,PHE,441,115.54,114.41,1.13,114.41,63.5,o
,TRP,442,57.35,57.35,2.00,55.35,24.6,
,PHE,443,3.96,3.61,0.52,3.44,1.9,i
,LEU,444,73.50,72.42,1.34,72.16,49.4,
,ILE,445,74.62,74.62,0.00,74.62,50.7,o
,GLN,446,3.31,0.00,0.04,3.26,2.3,i
,ILE,447,61.11,60.93,4.87,56.25,38.2,
,LEU,448,102.93,102.93,0.01,102.93,70.4,o
,ILE,449,42.88,42.88,0.34,42.55,28.9,
,GLY,450,3.09,3.09,3.09,0.00,3.5,i
,ILE,451,85.38,85.38,1.21,84.17,57.1,o
,LEU,452,105.96,105.96,0.41,105.55,72.2,o
,VAL,453,16.82,16.82,0.33,16.50,13.5,i
,TYR,454,9.93,9.92,0.00,9.93,5.1,i
,LEU,455,87.83,85.20,2.66,85.17,58.3,o
,ILE,456,102.04,102.04,3.46,98.58,66.9,o
,PHE,457,67.97,67.97,0.00,67.97,37.7,
,SER,458,7.44,7.25,0.08,7.36,9.5,i
,SER,459,39.56,30.30,2.71,36.85,47.6,
,ILE,460,112.72,101.99,11.30,101.42,68.9,o
,PHE,461,72.35,60.50,19.03,53.32,29.6,
,TYR,462,43.83,43.52,2.88,40.96,21.2,
,ARG,463,55.13,51.07,6.77,48.36,24.7,
,ASP,464,127.70,45.45,10.58,117.11,100.0,o
,LEU,465,59.23,55.59,12.34,46.89,32.1,
,ILE,466,79.75,79.75,1.65,78.10,53.0,o
,ARG,467,73.25,62.39,18.83,54.41,27.8,
,ARG,468,99.58,74.18,40.63,58.95,30.2,
,PHE,469,194.06,172.84,31.63,162.42,90.2,o
,LEU,470,107.02,61.59,61.24,45.78,31.3,
