 Probe radius  :  1.400

  Residue      Total   Apolar  Backbone Sidechain Ratio(%) In/Out

 VAL      1   171.60   143.13    38.81   132.79    100.0     o

 LEU      2    16.54     7.14     9.40     7.14      4.9     i

 SER      3    47.92    42.41     5.79    42.13     54.4     o

 PRO      4   112.41   111.38     1.45   110.96    100.0     o

 ALA      5    67.32    67.31     5.04    62.28     96.0     o

 ASP      6    12.13     0.00     0.00    12.13     10.7     i

 LYS      7    51.96    23.47     0.00    51.96     31.6      

 THR      8    89.40    70.97     0.28    89.11     83.9     o

 ASN      9    35.27     0.15     0.15    35.12     30.7      

 ILE     10     0.18     0.18     0.00     0.18      0.1     i

 LYS     11    94.52    83.08     0.22    94.30     57.3     o

 ALA     12    59.02    56.94    16.34    42.68     65.8     o

 SER     13     5.11     1.91     1.96     3.14      4.1     i

 TRP     14    15.12    13.25     0.55    14.57      6.5     i

 GLU     15   111.23    58.02    14.74    96.48     68.3     o

 LYS     16   121.14    94.84    18.49   102.65     62.4     o

 ILE     17     3.93     3.61     0.32     3.61      2.4     i

 GLY     18    42.25    30.61    42.25     0.00     48.5      

 SER     19   106.82    72.03    38.13    68.69     88.7     o

 HIS     20    89.74    72.48     1.46    88.28     57.1     o

 GLY     21     7.37     7.28     7.37     0.00      8.5     i

 GLY     22    18.03    13.73    18.03     0.00     20.7      

 GLU     23    97.23    38.77    10.33    86.90     61.5     o

 TYR     24     9.90     2.30     0.00     9.90      5.1     i

 GLY     25     3.08     2.91     3.08     0.00      3.5     i

 ALA     26    10.36    10.33     0.04    10.32     15.9     i

 GLU     27    37.69    26.19     4.57    33.11     23.4      

 ALA     28     0.00     0.00     0.00     0.00      0.0     i

 LEU     29     4.24     4.24     0.00     4.24      2.9     i

 GLU     30    32.05    12.59     0.00    32.05     22.7      

 ARG     31     4.13     0.00     0.00     4.13      2.1     i

 THR     32     3.77     3.77     0.00     3.77      3.6     i

 PHE     33    12.26    10.85     1.41    10.85      6.0     i

 LEU     34    49.22    40.51    12.04    37.17     25.4      

 CYS     35    15.12     0.33    15.12     0.00      0.0     i

 PHE     36    38.84    38.84     2.09    36.75     20.4      

 PRO     37    70.01    67.34     2.68    67.34     64.0     o

 THR     38   100.46    87.13     6.14    94.32     88.8     o

 THR     39     6.36     6.20     0.18     6.18      5.8     i

 LYS     40    81.89    48.64     1.22    80.67     49.0      

 THR     41    98.64    72.90    20.26    78.38     73.8     o

 TYR     42    64.06    43.25    16.18    47.88     24.8      

 PHE     43    38.09    38.05     0.05    38.05     21.1      

 PRO     44   113.07    90.20    33.64    79.43     75.5     o

 HIS     45   136.76   101.93    37.02    99.74     64.5     o

 PHE     46    26.12    14.57    12.10    14.02      7.8     i

 ASP     47    75.31    41.87    14.42    60.89     53.9     o

 LEU     48    50.26    28.39    23.68    26.58     18.2     i

 SER     49    64.84    57.37    14.90    49.94     64.5     o

 HIS     50   121.14    88.04    17.93   103.21     66.8     o

 GLY     51    62.14    49.29    62.14     0.00     71.3     o

 SER     52     7.23     6.08     6.96     0.27      0.4     i

 ALA     53    88.82    81.10    12.17    76.65    100.0     o

 GLN     54    65.84    34.42     4.85    60.99     42.4      

 VAL     55     5.06     5.06     0.01     5.04      4.1     i

 LYS     56   129.03    81.38     3.50   125.53     76.3     o

 ALA     57    47.39    46.49     3.00    44.39     68.4     o

 HIS     58    29.65    26.78     0.00    29.65     19.2     i

 GLY     59     0.00     0.00     0.00     0.00      0.0     i

 LYS     60   118.20    74.22     0.00   118.20     71.9     o

 LYS     61   113.08    95.93     6.21   106.87     65.0     o

 VAL     62    22.40    22.40     2.68    19.72     16.1     i

 ALA     63     3.33     3.32     0.63     2.71      4.2     i

 ASP     64    81.67    31.39     3.18    78.49     69.5     o

 ALA     65    24.48    24.05     6.28    18.20     28.0      

 LEU     66    14.72    14.72     0.06    14.67     10.0     i

 THR     67    70.39    60.58     1.61    68.78     64.8     o

 ASN     68    54.75    33.12    10.34    44.42     38.9      

 ALA     69     0.26     0.26     0.00     0.26      0.4     i

 VAL     70     6.42     4.55     1.86     4.55      3.7     i

 GLY     71    64.07    34.88    64.07     0.00     73.5     o

 HIS     72    83.14    64.88     6.44    76.70     49.6      

 LEU     73    16.64     6.07    10.57     6.07      4.2     i

 ASP     74   124.02    41.16    36.05    87.98     77.9     o

 ASP     75    75.17    27.10     2.32    72.85     64.5     o

 LEU     76    10.62    10.17     0.45    10.17      7.0     i

 PRO     77    75.76    75.76     0.00    75.76     72.0     o

 GLY     78    44.39    26.33    44.39     0.00     50.9     o

 ALA     79    33.44    16.09    30.83     2.61      4.0     i

 LEU     80     1.53     1.53     0.21     1.33      0.9     i

 SER     81    49.11    34.25     0.52    48.58     62.8     o

 ALA     82    79.08    73.88     9.44    69.64    100.0     o

 LEU     83    52.23    52.20     0.03    52.20     35.7      

 SER     84     1.46     0.88     0.00     1.46      1.9     i

 ASP     85    41.82    19.27     1.04    40.78     36.1      

 LEU     86    72.95    72.95     2.45    70.49     48.2      

 HIS     87    39.10    23.20     0.04    39.06     25.3      

 ALA     88     7.32     4.13     6.98     0.34      0.5     i

 TYR     89    56.04    32.96    13.83    42.21     21.9      

 LYS     90   151.53    99.39    18.65   132.88     80.8     o

 LEU     91    81.95    69.92    16.90    65.05     44.5      

 ARG     92   177.09    78.20    18.22   158.87     81.3     o

 VAL     93    19.33    11.79     7.54    11.79      9.6     i

 ASP     94    71.18    23.59     4.82    66.36     58.7     o

 PRO     95    86.29    84.64     1.73    84.56     80.4     o

 VAL     96    78.66    77.97     4.24    74.42     60.8     o

 ASN     97    14.78     6.85     2.16    12.62     11.0     i

 PHE     98    16.20    15.96     1.54    14.66      8.1     i

 LYS     99   122.71    80.47     3.73   118.98     72.3     o

 LEU    100    19.38    19.38     0.06    19.31     13.2     i

 LEU    101    40.39    40.39     0.00    40.39     27.6      

 SER    102    16.98    13.32     0.64    16.34     21.1      

 HIS    103    16.75    15.66     1.58    15.17      9.8     i

 CYS    104     0.00     0.00     0.00     0.00      0.0     i

 LEU    105     7.45     7.45     0.00     7.45      5.1     i

 LEU    106     8.76     8.76     0.00     8.76      6.0     i

 VAL    107     0.00     0.00     0.00     0.00      0.0     i

 THR    108     0.00     0.00     0.00     0.00      0.0     i

 LEU    109     3.63     3.62     0.00     3.62      2.5     i

 ALA    110     0.00     0.00     0.00     0.00      0.0     i

 SER    111     4.89     0.00     4.34     0.55      0.7     i

 HIS    112    63.89    33.47    24.12    39.77     25.7      

 HIS    113    28.14    20.75     5.45    22.68     14.7     i

 PRO    114    60.82    56.41     4.41    56.41     53.6     o

 ALA    115    85.18    73.84    24.44    60.74     93.6     o

 GLU    116    39.99    20.14     6.57    33.43     23.7      

 PHE    117     3.22     3.22     0.87     2.35      1.3     i

 THR    118    61.77    57.88     1.33    60.44     56.9     o

 PRO    119    20.78    20.78     0.00    20.78     19.8     i

 ALA    120    36.48    35.75     1.39    35.09     54.1     o

 VAL    121    18.81    18.81     0.00    18.81     15.4     i

 HIS    122     1.31     0.02     0.00     1.31      0.8     i

 ALA    123    15.68    15.55     0.13    15.55     24.0      

 SER    124     1.97     0.00     0.00     1.97      2.5     i

 LEU    125     4.56     4.56     0.00     4.56      3.1     i

 ASP    126    27.59     0.93     1.15    26.45     23.4      

 LYS    127    74.84    51.86     2.40    72.44     44.0      

 PHE    128     5.66     5.66     0.00     5.66      3.1     i

 LEU    129     9.08     9.03     0.29     8.79      6.0     i

 SER    130    57.42    28.27     7.45    49.97     64.6     o

 SER    131    30.28    13.75     4.03    26.25     33.9      

 VAL    132     7.01     7.01     0.00     7.01      5.7     i

 SER    133    14.52    11.67     0.03    14.49     18.7     i

 THR    134    86.46    63.54     3.61    82.85     78.0     o

 VAL    135    13.99    13.99     2.24    11.76      9.6     i

 LEU    136    16.86    16.86     0.00    16.86     11.5     i

 THR    137    34.18     8.69    18.30    15.88     15.0     i

 SER    138    47.01    33.36    11.25    35.76     46.2      

 LYS    139   120.90    64.34    26.80    94.11     57.2     o

 TYR    140    94.95    79.13    27.47    67.48     34.9      

 ARG    141   194.81    77.68    50.81   144.00     73.7     o

 VAL      1    46.33    45.14    19.81    26.52     21.7      

 HIS      2   132.29    90.11    31.08   101.21     65.5     o

 LEU      3     2.32     1.71     1.14     1.18      0.8     i

 THR      4    85.68    83.51     8.75    76.94     72.4     o

 ALA      5    85.09    80.07    12.43    72.66    100.0     o

 GLU      6   127.15    47.34     6.55   120.60     85.4     o

 GLU      7    38.89    11.64     0.00    38.89     27.5      

 LYS      8   102.96    59.07     0.23   102.73     62.5     o

 ALA      9    66.25    61.61     9.61    56.65     87.3     o

 HIS     10    79.93    60.43    11.81    68.12     44.1      

 VAL     11     0.38     0.38     0.00     0.38      0.3     i

 SER     12    57.33    47.38     6.50    50.84     65.7     o

 GLY     13    53.10    45.41    53.10     0.00     60.9     o

 LEU     14     8.30     7.88     1.22     7.09      4.8     i

 TRP     15    29.95    25.59     4.36    25.59     11.4     i

 GLY     16    67.81    39.08    67.81     0.00     77.8     o

 LYS     17   135.59    88.83    31.82   103.77     63.1     o

 VAL     18    16.28     0.62    16.28     0.00      0.0     i

 ASN     19    55.52    33.41    10.30    45.22     39.6      

 THR     20    60.06    37.54     1.19    58.87     55.4     o

 GLU     21   107.13    29.77     4.53   102.60     72.7     o

 GLU     22    87.49    34.60     2.42    85.08     60.3     o

 VAL     23     0.00     0.00     0.00     0.00      0.0     i

 GLY     24     1.33     0.94     1.33     0.00      1.5     i

 GLY     25     5.28     1.76     5.28     0.00      6.1     i

 GLU     26    46.95    23.58     0.29    46.66     33.0      

 ALA     27     2.66     2.66     0.00     2.66      4.1     i

 LEU     28     1.82     1.82     0.00     1.82      1.2     i

 GLY     29     0.00     0.00     0.00     0.00      0.0     i

 ARG     30     1.91     0.13     0.00     1.91      1.0     i

 LEU     31     9.18     9.18     0.00     9.18      6.3     i

 LEU     32     0.00     0.00     0.00     0.00      0.0     i

 VAL     33    16.12    11.08     7.76     8.36      6.8     i

 VAL     34     6.28     0.01     6.28     0.00      0.0     i

 TYR     35    24.20    11.27     0.00    24.20     12.5     i

 PRO     36    72.94    70.03     2.91    70.02     66.6     o

 TRP     37   144.63   139.17    15.27   129.36     57.6     o

 THR     38     3.02     3.02     0.00     3.02      2.8     i

 GLN     39    41.15    11.22     1.10    40.05     27.9      

 ARG     40   171.46    80.10    14.59   156.87     80.2     o

 PHE     41    64.60    39.47    32.20    32.40     18.0     i

 PHE     42    35.04    35.04     1.82    33.22     18.4     i

 GLU     43   133.52    46.51    26.39   107.13     75.9     o

 THR     44   114.57    66.59    24.13    90.44     85.2     o

 PHE     45    30.98    28.98     2.01    28.97     16.1     i

 GLY     46    47.90    42.54    47.90     0.00     54.9     o

 ASP     47    88.87    53.25    11.49    77.39     68.5     o

 LEU     48    16.86    12.84     4.77    12.09      8.3     i

 SER     49   107.79    59.09    40.53    67.26     86.9     o

 SER     50    55.02    44.15     9.90    45.12     58.3     o

 ALA     51    31.00    25.47     6.77    24.23     37.3      

 ASN     52   104.24    26.54     0.62   103.62     90.7     o

 ALA     53    24.78    24.56    13.16    11.62     17.9     i

 ILE     54     4.30     4.27     0.03     4.27      2.9     i

 MET     55    31.12    21.74    10.17    20.94     13.2     i

 ASN     56    93.84    31.21     8.62    85.21     74.6     o

 ASN     57    16.36     6.92     6.08    10.27      9.0     i

 PRO     58   102.32    99.03     3.99    98.33     93.5     o

 LYS     59   109.42    65.96     1.11   108.31     65.8     o

 VAL     60     1.07     1.07     0.00     1.07      0.9     i

 LYS     61    75.47    63.51     0.23    75.23     45.7      

 ALA     62    53.61    52.63     6.99    46.62     71.8     o

 HIS     63    56.35    46.28     0.11    56.24     36.4      

 GLY     64     0.00     0.00     0.00     0.00      0.0     i

 LYS     65   102.10    59.09     2.01   100.09     60.8     o

 LYS     66   140.09    95.69    10.22   129.88     79.0     o

 VAL     67    29.78    29.54     3.72    26.06     21.3      

 LEU     68     1.00     1.00     0.00     1.00      0.7     i

 SER     69    57.23    35.82     1.30    55.93     72.3     o

 SER     70    21.36    18.23     0.48    20.88     27.0      

 PHE     71    13.70    13.47     0.53    13.17      7.3     i

 SER     72    21.46    17.26     0.50    20.96     27.1      

 ASP     73    71.01    14.89     2.59    68.43     60.6     o

 GLY     74     0.33     0.33     0.33     0.00      0.4     i

 LEU     75    18.25    12.71     5.54    12.71      8.7     i

 LYS     76   176.59   104.81    37.91   138.68     84.3     o

 ASN     77    61.95    16.83     2.86    59.09     51.7     o

 LEU     78    11.78     9.48     2.94     8.84      6.0     i

 ASP     79   107.23    17.99    29.42    77.80     68.9     o

 ASN     80    77.59    23.85     3.59    74.00     64.7     o

 LEU     81    12.45    10.95     1.50    10.95      7.5     i

 LYS     82   118.75    91.11     0.60   118.14     71.8     o

 GLY     83    40.59    25.99    40.59     0.00     46.5      

 THR     84    42.58    15.36    27.81    14.77     13.9     i

 PHE     85     4.06     4.06     0.00     4.06      2.3     i

 ALA     86    38.16    36.39     2.27    35.88     55.3     o

 ALA     87    77.92    74.18     9.57    68.35    100.0     o

 LEU     88    58.49    58.49     0.06    58.43     40.0      

 SER     89     0.07     0.07     0.00     0.07      0.1     i

 GLU     90    81.88    14.71     0.00    81.88     58.0     o

 LEU     91    78.30    78.30     0.80    77.50     53.0     o

 HIS     92    39.67    22.57     0.00    39.67     25.7      

 CYS     93    17.02     0.19    17.00     0.02      0.0     i

 ASP     94    83.02    15.15    26.79    56.23     49.8      

 LYS     95   151.81    87.59    25.28   126.53     76.9     o

 LEU     96    84.89    77.79    10.45    74.44     50.9     o

 HIS     97   147.68   107.87    19.02   128.66     83.2     o

 VAL     98    15.99    15.96     0.21    15.78     12.9     i

 ASP     99    74.30    35.47     3.00    71.30     63.1     o

 PRO    100    18.58    13.76     4.83    13.75     13.1     i

 GLU    101    98.73    51.92     5.55    93.18     66.0     o

 ASN    102    14.54     4.76     2.21    12.33     10.8     i

 PHE    103    17.12    12.33     7.22     9.91      5.5     i

 LYS    104    79.50    66.62     3.63    75.87     46.1      

 LEU    105    21.22    21.22     0.00    21.22     14.5     i

 LEU    106    25.96    25.96     0.00    25.96     17.8     i

 GLY    107     1.01     1.00     1.01     0.00      1.2     i

 ASN    108    15.72     5.85     0.00    15.72     13.7     i

 VAL    109     1.72     1.72     0.32     1.40      1.1     i

 LEU    110     2.22     2.22     0.00     2.22      1.5     i

 VAL    111     0.00     0.00     0.00     0.00      0.0     i

 CYS    112     1.52     0.03     0.01     1.52      1.5     i

 VAL    113     0.17     0.17     0.16     0.01      0.0     i

 LEU    114     0.00     0.00     0.00     0.00      0.0     i

 ALA    115     0.00     0.00     0.00     0.00      0.0     i

 HIS    116    31.83    12.36     3.92    27.91     18.1     i

 HIS    117    73.64    39.61    35.45    38.19     24.7      

 PHE    118    36.86    22.72    17.61    19.25     10.7     i

 GLY    119    11.11    11.11    11.11     0.00     12.7     i

 LYS    120   187.97   133.90    13.84   174.13    100.0     o

 GLU    121    75.53    45.99    10.63    64.90     46.0      

 PHE    122     0.00     0.00     0.00     0.00      0.0     i

 THR    123    50.78    48.53     0.56    50.22     47.3      

 PRO    124    21.48    21.48     0.00    21.48     20.4      

 GLN    125    65.81    38.81     2.85    62.96     43.8      

 VAL    126    13.45    13.45     0.00    13.45     11.0     i

 GLN    127     0.00     0.00     0.00     0.00      0.0     i

 ALA    128    18.97    17.10     1.87    17.10     26.3      

 ALA    129     1.19     1.19     0.52     0.67      1.0     i

 TYR    130     1.09     1.09     0.00     1.09      0.6     i

 GLN    131    10.88     6.05     0.16    10.72      7.5     i

 LYS    132    84.14    40.86     3.83    80.31     48.8      

 ILE    133     2.36     2.36     0.00     2.36      1.6     i

 VAL    134     6.56     5.75     0.94     5.62      4.6     i

 ALA    135    52.08    52.02     5.83    46.25     71.3     o

 GLY    136     6.13     4.82     6.13     0.00      7.0     i

 VAL    137     6.54     6.54     0.00     6.54      5.3     i

 ALA    138     8.05     6.77     2.22     5.84      9.0     i

 ASN    139    97.98    32.00    10.12    87.86     76.9     o

 ALA    140     4.48     4.11     2.80     1.69      2.6     i

 LEU    141    20.98    20.98     0.00    20.98     14.4     i

 ALA    142     7.12     7.12     0.00     7.12     11.0     i

 HIS    143    76.97    55.98     8.25    68.72     44.4      

 LYS    144   106.81    77.69    18.65    88.16     53.6     o

 TYR    145   114.92    59.56    37.37    77.55     40.2      

 HIS    146   183.98   100.26    34.66   149.32     96.6     o

 ---------------------------------------------

 POLAR  area/energy         =         4579.06

 APOLAR area/energy         =         9304.27

 UNKNOW area/energy         =            0.00

 ---------------------------------------------

 Total  area/energy         =        13883.33

 ---------------------------------------------

 Number of surface atoms    =         1277

 Number of buried atoms     =          933

 Number of atoms with ASP=0 =            0