RES  backbone sidechain     total         %
LEU    32.877   157.056   189.933     0.113

PHE     4.254   197.161   201.415     0.105

SER     2.127    83.812    85.940     0.082

SER     1.026    65.089    66.115     0.063

ILE     3.228    48.480    51.708     0.075

LEU     4.180    30.434    34.614     0.050

PHE     0.000    81.973    81.973     0.043

SER     3.079    67.886    70.965     0.068

ILE     0.000   111.927   111.927     0.063

ALA     2.053    16.813    18.865     0.020

THR     0.000    47.464    47.464     0.036

PHE     1.101   121.103   122.204     0.064

PHE     2.053   126.412   128.465     0.067

SER     3.153    16.315    19.469     0.019

ARG     0.000   142.124   142.124     0.063

ILE     0.000    62.158    62.158     0.035

LEU     1.101    41.589    42.690     0.024

GLY     1.101     7.079     8.180     0.012

LEU     2.202    15.475    17.677     0.010

PHE     0.000    88.167    88.167     0.046

ARG     1.026    39.346    40.372     0.018

ASP     0.000     3.079     3.079     0.003

VAL     0.000    21.237    21.237     0.014

LEU     0.000     7.079     7.079     0.004

PHE     0.000     3.087     3.087     0.002

ALA     0.000     0.000     0.000     0.000

LYS     5.131   101.977   107.109     0.052

TYR    19.499    37.778    57.276     0.028

PHE     7.184     8.396    15.580     0.008

GLY     0.000     0.000     0.000     0.000

VAL    21.551     7.964    29.515     0.020

SER     0.000    28.740    28.740     0.028

TYR     0.000    67.565    67.565     0.033

GLU     0.000    48.309    48.309     0.034

LEU     0.000     0.000     0.000     0.000

ASP     0.000     3.079     3.079     0.003

ALA     0.000     0.000     0.000     0.000

TYR     0.000     5.072     5.072     0.003

PHE     0.000     2.655     2.655     0.001

ILE     0.000     0.000     0.000     0.000

ALA     0.000     0.000     0.000     0.000

ILE     0.000     1.770     1.770     0.001

MET     0.000     1.340     1.340     0.001

PHE     0.000    67.383    67.383     0.035

PRO     0.000     0.885     0.885     0.001

PHE     1.026    74.504    75.530     0.039

PHE     0.000    21.669    21.669     0.011

LEU     0.000     5.309     5.309     0.003

ARG     3.079    34.942    38.021     0.017

LYS     1.026    78.970    79.997     0.039

VAL     0.000     0.000     0.000     0.000

PHE    14.368     3.540    17.907     0.009

GLY    34.967    29.201    64.168     0.096

GLU    17.446    82.315    99.761     0.069

GLY     1.101    22.122    23.223     0.035

ALA     0.000     0.000     0.000     0.000

MET     0.000     1.770     1.770     0.001

SER     1.026    27.009    28.035     0.027

SER     8.285    41.977    50.262     0.048

ALA     0.000     0.000     0.000     0.000

PHE     0.000     0.000     0.000     0.000

VAL     0.000    46.446    46.446     0.031

PRO     3.079    63.927    67.006     0.050

LEU     0.000    23.892    23.892     0.013

TYR     0.000     7.503     7.503     0.004

SER    18.473    40.140    58.613     0.056

GLU    28.810    90.857   119.667     0.083

LYS     3.079    33.626    36.704     0.018

SER     3.079    85.441    88.520     0.085

GLY     5.206    53.978    59.184     0.088

GLU     0.000   121.156   121.156     0.042

GLU     0.000    54.508    54.508     0.036

LYS     0.000    63.043    63.043     0.031

ASP     0.000    11.289    11.289     0.010

LYS     0.000    59.287    59.287     0.029

PHE     0.000     0.000     0.000     0.000

LEU     0.000     0.000     0.000     0.000

SER     0.000     4.566     4.566     0.004

SER     0.000     0.000     0.000     0.000

VAL     0.000     0.000     0.000     0.000

ILE     0.000    26.546    26.546     0.015

ASN     0.000    21.105    21.105     0.016

GLY     0.000     2.655     2.655     0.004

PHE     0.000    11.503    11.503     0.006

SER     3.079    26.971    30.049     0.029

LEU     5.131   113.481   118.612     0.067

ILE     0.000    76.100    76.100     0.043

ILE     0.000     9.734     9.734     0.005

LEU     1.101   110.373   111.474     0.063

ALA     3.153    55.964    59.117     0.062

LEU     6.232   101.977   108.210     0.061

VAL     1.026    33.626    34.652     0.023

ILE     0.000    85.165    85.165     0.048

LEU     0.000    87.150    87.150     0.049

SER     0.000     8.247     8.247     0.008

TYR     6.232   121.165   127.397     0.063

PHE    16.420   106.534   122.954     0.064

PHE     0.000    99.002    99.002     0.052

PRO     0.000     1.770     1.770     0.001

GLU     0.000    80.104    80.104     0.056

LEU     8.210   106.402   114.612     0.065

ILE     0.000    29.201    29.201     0.016

ILE     0.000     2.655     2.655     0.001

ASN     7.258    57.475    64.734     0.048

LEU     4.180    84.064    88.243     0.050

PHE     0.000     2.655     2.655     0.001

GLY     0.000     0.000     0.000     0.000

ALA     8.210    17.914    26.124     0.028

GLY    19.499     5.309    24.808     0.037

SER     8.210     9.734    17.944     0.017

SER     2.202    48.669    50.870     0.049

HIS     1.101   151.384   152.485     0.093

GLU     1.026    72.698    73.724     0.051

THR     0.000     2.053     2.053     0.002

LYS     0.000    60.388    60.388     0.029

ILE     1.026    92.244    93.270     0.053

LEU     0.000    30.086    30.086     0.017

ALA     0.000     0.000     0.000     0.000

LYS     0.000   114.366   114.366     0.056

LYS     1.026   127.855   128.881     0.063

LEU     0.000     0.000     0.000     0.000

LEU     0.000     2.871     2.871     0.002

LEU    12.315    62.158    74.473     0.042

ILE     0.000    34.510    34.510     0.019

THR     0.000     0.000     0.000     0.000

SER     0.000     9.132     9.132     0.009

PRO     0.000    43.359    43.359     0.033

SER     0.000     0.000     0.000     0.000

ILE     0.000    16.813    16.813     0.009

TYR     0.000    81.082    81.082     0.040

PHE     0.000    42.474    42.474     0.022

ILE     0.000     0.885     0.885     0.000

PHE     0.000    17.245    17.245     0.009

LEU     0.000    10.835    10.835     0.006

TRP     0.000    24.756    24.756     0.011

ALA     0.000     2.655     2.655     0.003

ILE     0.000     0.000     0.000     0.000

SER     0.000     0.000     0.000     0.000

TYR     0.000    49.209    49.209     0.024

SER     0.000     0.885     0.885     0.001

ILE     0.000     0.000     0.000     0.000

LEU     0.000    27.647    27.647     0.016

ASN     8.210    28.079    36.289     0.027

THR    19.499    20.494    39.992     0.030

ASN     8.210    70.126    78.336     0.058

ASN    13.341    98.823   112.164     0.084

LYS     0.000   122.330   122.330     0.060

PHE     2.053   117.996   120.048     0.063

PHE     0.000    59.656    59.656     0.031

TRP     1.026   189.413   190.439     0.082

PRO     1.101     4.424     5.525     0.004

ALA    14.368    18.583    32.950     0.035

LEU     3.079    30.086    33.165     0.019

THR     0.000     9.734     9.734     0.007

PRO     0.000    50.438    50.438     0.038

SER     0.000    18.479    18.479     0.018

ILE     0.000    43.359    43.359     0.024

SER     0.000     7.079     7.079     0.007

ASN     0.000    19.713    19.713     0.015

ILE     0.000    83.179    83.179     0.047

THR     2.053    16.813    18.865     0.014

ILE     0.000     5.309     5.309     0.003

ILE     0.000    10.619    10.619     0.006

ILE     0.000    94.898    94.898     0.054

GLY     2.202     1.770     3.971     0.006

THR     0.000     0.000     0.000     0.000

PHE     7.184    83.269    90.453     0.047

LEU     0.000    80.287    80.287     0.045

SER     6.158     2.053     8.210     0.008

THR    30.788    85.090   115.878     0.088

LYS    29.761   146.222   175.983     0.086

TYR    20.600   128.028   148.627     0.074

GLY     2.202    24.777    26.978     0.040

ILE     0.000    10.619    10.619     0.006

ILE     0.000    40.705    40.705     0.023

SER     2.053     8.529    10.582     0.010

PRO     0.000     0.885     0.885     0.001

THR     0.000     0.000     0.000     0.000

ILE     0.000    70.791    70.791     0.040

GLY     0.000     5.309     5.309     0.008

PHE     0.000     6.194     6.194     0.003

LEU     0.000    30.302    30.302     0.017

ILE     0.000    78.754    78.754     0.044

GLY     0.000     0.000     0.000     0.000

SER     1.026     0.000     1.026     0.001

ILE     0.000    37.381    37.381     0.021

LEU     2.053    73.877    75.930     0.043

MET     0.000     1.770     1.770     0.001

PHE     0.000    15.043    15.043     0.008

PHE    10.337    95.936   106.274     0.055

SER    25.731    34.510    60.241     0.058

ILE     0.000    20.352    20.352     0.011

ILE     0.000    46.899    46.899     0.026

LYS     0.000    76.580    76.580     0.079

SER     0.000     8.247     8.247     0.008

ILE     1.026    13.273    14.299     0.008

ILE    19.499    94.013   113.512     0.064

LYS    28.735   103.531   132.266     0.065

HIS    11.363    13.900    25.264     0.015

LYS     1.026   129.409   130.435     0.064

TYR     5.131   127.186   132.317     0.066

TYR     0.000    39.218    39.218     0.019

PHE    15.394   176.572   191.966     0.100

THR     2.202    33.165    35.366     0.027

ILE     0.000    86.050    86.050     0.049

LYS     4.105   109.272   113.377     0.055

HIS     0.000    17.029    17.029     0.010

PHE     0.000    19.467    19.467     0.010

PRO     6.158    74.546    80.704     0.061

HIS     2.053   103.879   105.932     0.064

PHE     0.000     0.000     0.000     0.000

LEU     1.026    49.769    50.796     0.029

LYS     7.184    78.977    86.161     0.089

LEU     0.000    83.395    83.395     0.047

PHE     0.000     4.424     4.424     0.002

PHE     0.000   111.801   111.801     0.058

PRO     3.153    75.215    78.368     0.059

THR     0.000    36.490    36.490     0.028

PHE     0.000    25.425    25.425     0.013

MET     0.000    64.619    64.619     0.040

THR     2.127    82.824    84.951     0.064

MET     0.000    38.935    38.935     0.024

VAL     0.000    25.662    25.662     0.017

VAL     0.000    92.676    92.676     0.062

SER    16.420    46.721    63.141     0.060

GLN     0.000    39.114    39.114     0.024

ILE     0.000    48.216    48.216     0.027

ASN     0.000    23.394    23.394     0.017

THR     2.127    28.102    30.229     0.023

VAL     0.000    15.043    15.043     0.010

VAL     0.000    31.856    31.856     0.021

ASP     0.000    21.729    21.729     0.019

MET     0.000     3.540     3.540     0.002

ASN     0.000    36.380    36.380     0.027

VAL     0.000     7.079     7.079     0.005

VAL     0.000     0.000     0.000     0.000

SER     1.026     2.655     3.681     0.004

PHE    26.683    85.534   112.216     0.058

TYR    11.363    85.391    96.755     0.048

ASP     2.053   101.404   103.457     0.089

LYS    11.438   133.617   145.055     0.071

GLY     0.000     0.885     0.885     0.001

SER     0.000     0.885     0.885     0.001

ILE     0.000     1.770     1.770     0.001

SER     0.000     0.000     0.000     0.000

TYR     0.000    16.352    16.352     0.008

LEU     0.000     7.964     7.964     0.004

GLN     0.000    24.719    24.719     0.015

TYR     0.000     3.087     3.087     0.002

ALA     0.000     0.000     0.000     0.000

SER     0.000    21.625    21.625     0.021

ARG    10.263    28.295    38.558     0.017

PHE     0.000    16.576    16.576     0.009

TYR     0.000    20.352    20.352     0.010

LEU     5.131   101.309   106.440     0.060

LEU     4.105    44.244    48.349     0.027

PRO     0.000    15.043    15.043     0.011

TYR     0.000    54.615    54.615     0.027

GLY     4.180    22.122    26.302     0.039

LEU     0.000    94.229    94.229     0.053

PHE     0.000    45.345    45.345     0.024

ALA     0.000     0.000     0.000     0.000

VAL     0.000    42.474    42.474     0.028

SER     9.236    40.809    50.046     0.048

VAL     8.210    28.316    36.526     0.024

SER     0.000     1.911     1.911     0.002

THR     1.026    69.237    70.263     0.053

VAL     0.000   114.582   114.582     0.077

VAL     0.000    12.388    12.388     0.008

LEU     1.026     5.309     6.336     0.004

SER     6.158    62.434    68.591     0.066

LYS     0.000    62.896    62.896     0.051

ILE     0.000     0.000     0.000     0.000

SER    22.578    52.208    74.786     0.072

ASN    26.683   114.423   141.106     0.105

ASP     0.000    48.069    48.069     0.041

ARG     4.105   122.915   127.020     0.056

LYS    23.604   169.228   192.832     0.094

ASN     0.000    77.927    77.927     0.058

PHE     0.000    36.022    36.022     0.019

ASN     0.000    84.299    84.299     0.063

TYR     0.000   151.899   151.899     0.075

HIS     0.000    24.324    24.324     0.015

LEU     0.000     0.000     0.000     0.000

ASN     0.000    24.482    24.482     0.018

ASP     0.000    50.606    50.606     0.043

ALA     0.000     0.000     0.000     0.000

LEU     0.000     0.000     0.000     0.000

LYS     0.000    88.704    88.704     0.043

THR     1.101    34.861    35.962     0.027

THR     0.000     0.000     0.000     0.000

LEU     0.000     0.885     0.885     0.000

PHE     0.000    51.629    51.629     0.027

PHE     0.000    71.223    71.223     0.037

THR     0.000     0.000     0.000     0.000

ILE     0.000    10.619    10.619     0.006

PRO     1.026    15.043    16.069     0.012

SER     0.000    19.855    19.855     0.019

MET     0.000    38.102    38.102     0.023

VAL     0.000    17.914    17.914     0.012

GLY     1.101    14.158    15.259     0.023

LEU     0.000    22.122    22.122     0.012

ILE     2.053    39.151    41.203     0.023

PHE    19.499    45.324    64.823     0.034

LEU     0.000     6.194     6.194     0.003

SER     0.000     2.655     2.655     0.003

THR     0.000    48.134    48.134     0.036

PRO     0.000    34.510    34.510     0.026

ILE     0.000     9.734     9.734     0.005

ILE     0.000     0.000     0.000     0.000

ARG     0.000    78.887    78.887     0.035

PHE     6.158    55.469    61.626     0.032

PHE     0.000    58.618    58.618     0.031

TYR     0.000     0.000     0.000     0.000

GLU    11.289    32.311    43.600     0.030

HIS     0.000    73.361    73.361     0.045

GLY    27.933    38.050    65.983     0.098

ALA     8.359    39.820    48.179     0.051

PHE     3.079     0.000     3.079     0.002

THR     0.000    68.136    68.136     0.052

SER     2.053    78.400    80.452     0.077

LYS     1.101   142.682   143.783     0.070

ASP     0.000     8.210     8.210     0.007

THR     0.000     0.885     0.885     0.001

LEU     1.026    99.323   100.349     0.057

ILE     0.000    36.280    36.280     0.020

THR     0.000     0.000     0.000     0.000

SER     0.000     3.681     3.681     0.004

LYS     3.079   120.560   123.639     0.060

ILE     0.000     0.000     0.000     0.000

LEU     0.000     0.885     0.885     0.000

ILE     0.000    47.115    47.115     0.027

ALA     0.000     2.655     2.655     0.003

TYR     1.026    13.705    14.731     0.007

THR     0.000     1.026     1.026     0.001

LEU     0.000    80.740    80.740     0.046

GLY     0.000     0.000     0.000     0.000

LEU     0.000     0.000     0.000     0.000

PRO     0.000    11.503    11.503     0.009

PHE     0.000    71.418    71.418     0.037

TYR     0.000    28.482    28.482     0.014

GLY     0.000     0.000     0.000     0.000

ILE     0.000    10.619    10.619     0.006

TYR     0.000    30.340    30.340     0.015

SER     0.000    12.954    12.954     0.012

THR     0.000     0.000     0.000     0.000

ILE     0.000     0.000     0.000     0.000

SER     0.000     8.849     8.849     0.008

ARG     1.026    63.043    64.069     0.028

SER     0.000     0.000     0.000     0.000

TYR     0.000    22.122    22.122     0.011

HIS     6.158    81.109    87.267     0.053

ALA     3.079    14.158    17.237     0.018

ILE     2.053    20.568    22.621     0.013

LYS    19.499   156.840   176.339     0.086

ASN     0.000    44.202    44.202     0.033

THR     2.053    92.096    94.148     0.071

LYS     0.000   168.560   168.560     0.082

THR     0.000    18.085    18.085     0.014

PRO     2.053     3.540     5.592     0.004

PHE     0.000   139.902   139.902     0.073

ILE     0.000    55.748    55.748     0.031

ALA     0.000     0.000     0.000     0.000

ALA     1.101    42.906    44.007     0.047

THR     0.000    52.030    52.030     0.039

ILE     0.000    46.899    46.899     0.026

VAL     0.000    16.813    16.813     0.011

SER     0.000    20.352    20.352     0.019

LEU     0.000   101.524   101.524     0.057

SER     1.101    15.891    16.992     0.016

ASN     0.000     8.849     8.849     0.007

ILE     0.000    49.316    49.316     0.028

ILE     0.000   101.761   101.761     0.057

LEU     0.000    27.647    27.647     0.016

ASP     0.000     0.000     0.000     0.000

ILE     2.053    78.970    81.023     0.046

ILE     2.053    96.884    98.937     0.056

PHE     0.000    67.836    67.836     0.035

GLY     0.000     0.000     0.000     0.000

LEU    16.420    71.675    88.095     0.050

LYS    13.341   138.258   151.599     0.074

TYR     5.131   118.264   123.395     0.061

GLY     0.000     0.000     0.000     0.000

PRO     0.000     7.079     7.079     0.005

ILE     0.000    46.230    46.230     0.026

GLY     0.000     0.000     0.000     0.000

VAL     0.000     0.000     0.000     0.000

ALA     0.000     0.000     0.000     0.000

LEU     0.000    68.352    68.352     0.039

ALA     0.000     0.000     0.000     0.000

THR     0.000    26.688    26.688     0.020

SER     0.000     5.451     5.451     0.005

ILE     0.000    59.503    59.503     0.034

ALA     0.000     0.000     0.000     0.000

GLY     0.000     0.000     0.000     0.000

ILE     0.000    53.309    53.309     0.030

ILE     1.026    61.942    62.968     0.036

GLY     0.000     0.000     0.000     0.000

VAL     0.000     3.540     3.540     0.002

LEU     0.000    92.460    92.460     0.052

TYR     1.101    64.954    66.055     0.033

LEU     0.000     0.000     0.000     0.000

LEU     3.079    40.921    43.999     0.025

PHE     3.079   158.184   161.263     0.084

SER    11.289    21.342    32.631     0.031

VAL    13.341     7.079    20.420     0.014

LYS    25.806   148.660   174.466     0.085

THR     3.303    26.546    29.849     0.023

PHE    11.289    34.448    45.736     0.024

PRO     0.000    11.503    11.503     0.009

ILE     0.000   111.711   111.711     0.063

LYS     0.000    77.702    77.702     0.080

ASP     0.000    15.394    15.394     0.013

PHE     0.000    80.009    80.009     0.042

LEU     4.105   101.761   105.866     0.060

LYS     0.000    56.632    56.632     0.028

ILE     0.000     1.770     1.770     0.001

SER     0.000    28.138    28.138     0.027

LEU     1.101    79.639    80.740     0.046

ASN     0.000     0.000     0.000     0.000

SER     0.000     0.885     0.885     0.001

LEU     2.053    98.438   100.490     0.057

ILE     0.000    47.784    47.784     0.027

MET     0.000     6.702     6.702     0.004

LEU     0.000    55.079    55.079     0.031

PHE     0.000   122.894   122.894     0.064

VAL     0.000    34.057    34.057     0.023

ILE     0.000     1.770     1.770     0.001

TYR     5.131   129.390   134.522     0.067

LEU    16.420    84.496   100.916     0.057

THR     0.000    21.237    21.237     0.016

ASP    23.604    48.911    72.515     0.062

PHE    23.604   125.549   149.152     0.078

THR    21.551    41.977    63.528     0.048

ASP    19.499   120.412   139.911     0.120

ASN     5.131    71.285    76.417     0.057

GLU     0.000    68.623    68.623     0.048

PHE     2.053   108.520   110.572     0.058

TRP     0.000    60.367    60.367     0.026

PHE     0.000     6.194     6.194     0.003

LEU     1.026    72.107    73.134     0.041

ILE     0.000    77.201    77.201     0.044

GLN     0.000     3.079     3.079     0.002

ILE     0.000    57.733    57.733     0.033

LEU     0.000   103.078   103.078     0.058

ILE     0.000    46.899    46.899     0.026

GLY     0.000     3.540     3.540     0.005

ILE     0.000    84.280    84.280     0.048

LEU     0.000   102.862   102.862     0.058

VAL     0.000    18.583    18.583     0.012

TYR     0.000    10.166    10.166     0.005

LEU     4.180    86.050    90.229     0.051

ILE     1.101   100.424   101.524     0.057

PHE     0.000    71.202    71.202     0.037

SER     1.026     7.964     8.990     0.009

SER     3.079    35.924    39.003     0.037

ILE    13.341   105.949   119.290     0.067

PHE    10.263    62.980    73.242     0.038

TYR     0.000    51.427    51.427     0.025

ARG     8.210    37.450    45.660     0.066

ASP     9.236   119.875   129.112     0.111

LEU     8.285    45.867    54.152     0.078

ILE     4.105    88.035    92.140     0.052

ARG    24.630    49.602    74.232     0.107

ARG    29.911    58.214    88.124     0.128

PHE    44.651   179.011   223.662     0.116


------------------------------

Final access %   : 0.0311
Final access Å^2 : 22273.0489


------------------------------

