RES  backbone sidechain     total         %

ARG    46.740   151.920   198.660     0.172

LYS    60.063   153.020   213.084     0.226

THR    25.078    45.341    70.419     0.097

SER    50.305    76.782   127.087     0.205

SER    11.009    39.538    50.547     0.082

LEU     8.807    67.153    75.960     0.091

SER     3.303    29.836    33.139     0.053

ILE     2.053    18.715    20.767     0.025

LEU     3.303    13.210    16.513     0.020

ALA    26.179     9.908    36.086     0.069

ILE    28.082    31.925    60.007     0.072

ALA     4.180     0.000     4.180     0.008

GLY    73.124     0.000    73.124     0.176

VAL    17.596    14.311    31.907     0.044

GLU    12.763   132.796   145.559     0.157

PRO    17.446    48.438    65.884     0.090

TYR    10.337    30.153    40.490     0.032

GLN    17.166   131.545   148.711     0.159

GLU    33.064    90.049   123.112     0.132

LYS     9.311   121.095   130.406     0.138

PRO    46.051    82.565   128.615     0.176

GLY    76.726     0.000    76.726     0.185

GLU    35.415    20.618    56.033     0.060

GLU    19.741    77.155    96.896     0.104

TYR    13.210    18.715    31.925     0.025

MET    13.341     3.303    16.644     0.019

ASN     3.303    31.701    35.004     0.042

GLU    13.938   142.406   156.344     0.168

ALA    20.170    35.228    55.398     0.106

GLN     0.000     8.359     8.359     0.009

LEU     1.026    42.934    43.960     0.052

ALA    17.745    38.530    56.275     0.108

HIS     7.706    27.522    35.228     0.034

PHE     0.000     7.706     7.706     0.007

ARG     0.000   121.095   121.095     0.105

ARG     1.101   107.885   108.986     0.094

ILE     1.026     2.202     3.228     0.004

LEU     0.000     0.000     0.000     0.000

GLU     2.127    63.067    65.195     0.070

ALA    11.736     2.202    13.938     0.027

TRP     2.127    31.925    34.052     0.023

ARG     0.000    66.052    66.052     0.057

ASN     3.079    77.490    80.569     0.097

GLN     0.000    82.454    82.454     0.088

LEU     0.000    13.210    13.210     0.016

ARG     4.254    93.574    97.828     0.085

ASP     5.206    69.281    74.487     0.090

GLU     4.105    73.405    77.510     0.083

VAL     1.101    17.614    18.715     0.026

ASP     8.434    84.470    92.903     0.113

ARG    10.785   140.911   151.696     0.131

THR     4.403    31.011    35.415     0.049

VAL     2.127    47.337    49.464     0.068

THR     2.053    75.699    77.752     0.107

HIS     3.303    75.960    79.262     0.076

MET     4.105    14.169    18.274     0.021

GLN    14.666   105.647   120.313     0.128

ASP     1.101    87.903    89.004     0.108

GLU     7.482    10.859    18.342     0.020

ALA    44.950    41.833    86.783     0.166

ALA    27.205    33.026    60.231     0.116

ASN    10.561    88.779    99.340     0.120

PHE    40.621   142.012   182.633     0.158

PRO    30.433    25.320    55.753     0.076

ASP     5.504    92.885    98.389     0.119

PRO    14.964    82.565    97.529     0.133

VAL    33.288    91.372   124.660     0.170

ASP     3.153    77.211    80.365     0.098

ARG     0.000   133.205   133.205     0.115

ALA    10.263    39.631    49.894     0.096

ALA     9.609    35.228    44.837     0.086

GLN     4.403    45.192    49.595     0.053

GLU    14.741    84.115    98.855     0.106

GLU     9.833    92.623   102.456     0.110

GLU     1.026    69.953    70.979     0.076

PHE     0.000    74.859    74.859     0.065

SER     3.303    45.845    49.148     0.079

LEU    10.710    97.977   108.687     0.130

GLU     5.504    22.969    28.473     0.031

LEU     0.000    38.530    38.530     0.046

ARG     6.232   137.608   143.840     0.124

ASN     0.000    75.849    75.849     0.091

ARG     2.202    64.951    67.153     0.058

ASP    11.289    31.030    42.319     0.051

ARG    18.118   137.608   155.726     0.135

GLU     3.303    23.398    26.701     0.029

ARG     8.359   117.793   126.152     0.109

LYS    12.688   137.608   150.296     0.159

LEU     5.504    51.741    57.245     0.068

ILE     0.000    15.412    15.412     0.018

LYS    12.464   101.280   113.744     0.120

LYS     5.504    70.455    75.960     0.080

ILE     0.000     0.000     0.000     0.000

GLU     9.386    38.214    47.599     0.051

LYS    10.710    71.556    82.267     0.087

THR     0.000     0.000     0.000     0.000

LEU    11.363    26.421    37.784     0.045

LYS     4.180   128.801   132.981     0.141

LYS     3.303    28.623    31.925     0.034

VAL     7.258     9.908    17.166     0.023

GLU    35.415    90.869   126.284     0.136

ASP    16.569    75.737    92.307     0.112

GLU    34.016    99.789   133.804     0.144

ASP    16.495    90.683   107.178     0.130

PHE     7.333     8.807    16.140     0.014

GLY     8.807     0.000     8.807     0.021

TYR    14.368    79.673    94.041     0.075

CYS    11.289     0.000    11.289     0.017

GLU    40.472    71.352   111.824     0.120

SER    46.704    38.419    85.123     0.137

CYS     5.504    32.980    38.485     0.059

GLY    61.779     0.000    61.779     0.149

VAL    10.934    58.346    69.280     0.095

GLU    19.648    77.864    97.512     0.105

ILE     4.329     2.202     6.531     0.008

GLY    36.329     0.000    36.329     0.087

ILE     7.706    22.017    29.723     0.035

ARG    12.315   106.784   119.099     0.103

ARG    10.934    51.741    62.675     0.054

LEU     1.026     2.202     3.228     0.004

GLU     6.307    10.636    16.942     0.018

ALA     9.311    29.723    39.034     0.075

ARG     0.000   139.810   139.810     0.121

PRO     0.000     1.101     1.101     0.002

THR     1.026     9.908    10.934     0.015

ALA    12.613     2.202    14.815     0.028

ASP     5.504    22.148    27.653     0.034

LEU     4.403    35.228    39.631     0.047

CYS     1.101    14.408    15.509     0.024

ILE     2.127    88.069    90.196     0.108

ASP     9.833    95.833   105.666     0.128

CYS     3.153    26.808    29.962     0.046

LYS     3.079    70.455    73.534     0.078

THR     0.000    53.700    53.700     0.074

LEU     3.153    92.473    95.626     0.114

ALA     9.311    26.421    35.732     0.069

GLU     8.508    88.873    97.382     0.105

ILE     0.000    58.346    58.346     0.070

ARG     4.403   114.490   118.894     0.103

GLU     1.026    99.658   100.684     0.108

LYS    20.898   121.095   141.993     0.150

GLN    31.310   107.475   138.785     0.148

MET    41.498    99.756   141.254     0.164

ALA    37.617    27.522    65.138     0.125

GLY    77.230    27.709   104.938     0.204


------------------------------

Final access %   : 0.0834
Final access Å^2 : 10264.5152


------------------------------

