RES  backbone sidechain     total         %

VAL    49.894    97.977   147.871     0.202

LEU    24.052     8.807    32.858     0.039

SER     3.303    37.635    40.938     0.066

PRO     3.153    89.170    92.324     0.126

ALA     9.833    48.438    58.271     0.112

ASP     0.000    15.394    15.394     0.019

LYS     0.000    52.842    52.842     0.056

THR     3.153    82.752    85.906     0.118

ASN     3.153    49.353    52.506     0.063

ILE     0.000     1.101     1.101     0.001

LYS     3.153    84.767    87.920     0.093

ALA    20.543    44.035    64.578     0.124

SER     4.329    14.517    18.846     0.030

TRP     3.079    36.329    39.407     0.027

GLU    23.678    98.351   122.030     0.131

LYS    23.025    91.372   114.397     0.121

ILE     3.228     5.504     8.732     0.010

GLY    37.262     0.000    37.262     0.090

SER    48.700    56.555   105.255     0.170

HIS     1.101    80.363    81.464     0.078

GLY     6.456     0.000     6.456     0.016

GLY    22.894     0.000    22.894     0.055

GLU    23.324    85.645   108.969     0.117

TYR     3.153    15.916    19.069     0.015

GLY    11.960     0.000    11.960     0.029

ALA     3.153    12.110    15.263     0.029

GLU     6.605    36.086    42.692     0.046

ALA     0.000     1.101     1.101     0.002

LEU     0.000    14.311    14.311     0.017

GLU     2.127    46.349    48.476     0.052

ARG     0.000     8.807     8.807     0.008

THR     0.000     7.706     7.706     0.011

PHE     5.206    27.522    32.728     0.028

LEU    15.468    36.329    51.797     0.062

CYS    20.525     0.000    20.525     0.032

PHE     3.303    35.228    38.530     0.033

PRO     6.232    56.144    62.376     0.085

THR     9.759    83.125    92.884     0.128

THR     3.079     8.807    11.886     0.016

LYS     5.131    81.464    86.595     0.092

THR    26.981    69.038    96.019     0.132

TYR    25.806    58.402    84.208     0.067

PHE     2.053    44.035    46.087     0.040

PRO    34.314    61.649    95.963     0.131

HIS    39.893    86.968   126.861     0.121

PHE    14.368    18.715    33.082     0.029

ASP     9.908    59.914    69.822     0.085

LEU    34.463    26.421    60.884     0.073

SER    11.960    41.964    53.924     0.087

HIS    29.034    90.271   119.305     0.114

GLY    57.078     0.000    57.078     0.137

SER     6.531     1.101     7.631     0.012

ALA    26.850    51.741    78.591     0.151

GLN     8.658    67.919    76.576     0.082

VAL     1.101    17.614    18.715     0.026

LYS     8.285   122.196   130.481     0.138

ALA     8.434    39.631    48.065     0.092

HIS     2.202    36.329    38.530     0.037

GLY     0.000     0.000     0.000     0.000

LYS     1.026   113.389   114.415     0.121

LYS    10.561    97.977   108.538     0.115

VAL     4.403    34.127    38.530     0.053

ALA     5.430     3.303     8.732     0.017

ASP    10.561    82.492    93.053     0.113

ALA    11.960    17.614    29.574     0.057

LEU     0.000    27.522    27.522     0.033

THR     8.210    57.451    65.661     0.091

ASN    12.035    51.872    63.907     0.077

ALA     1.101     1.101     2.202     0.004

VAL     9.311     7.706    17.017     0.023

GLY    62.116     0.000    62.116     0.149

HIS     3.303    78.162    81.464     0.078

LEU    16.569     5.504    22.074     0.026

ASP    41.199    88.071   129.270     0.157

ASP     3.228    80.365    83.593     0.101

LEU     2.202    16.513    18.715     0.022

PRO     1.101    69.355    70.455     0.096

GLY    47.674     0.000    47.674     0.115

ALA    32.485     8.807    41.292     0.079

LEU     1.101     7.706     8.807     0.011

SER     1.101    47.599    48.700     0.079

ALA    22.148    50.640    72.788     0.140

LEU     1.101    61.649    62.749     0.075

SER     0.000     4.180     4.180     0.007

ASP     5.355    44.950    50.305     0.061

LEU     3.303    62.749    66.052     0.079

HIS     2.053    50.640    52.692     0.050

ALA    12.539     0.000    12.539     0.024

TYR    20.525    42.990    63.515     0.051

LYS    20.525   126.600   147.125     0.156

LEU    21.775    66.052    87.827     0.105

ARG    20.749   147.516   168.265     0.146

VAL    14.442    16.513    30.955     0.042

ASP     3.303    72.584    75.886     0.092

PRO     7.258    67.153    74.411     0.102

VAL     9.908    71.556    81.464     0.111

ASN     8.285    18.566    26.850     0.032

PHE     3.153    24.219    27.372     0.024

LYS    12.464   133.205   145.669     0.154

LEU     1.101    23.118    24.219     0.029

LEU     0.000    58.346    58.346     0.070

SER     3.303    17.166    20.469     0.033

HIS     2.202    18.715    20.916     0.020

CYS     0.000     0.000     0.000     0.000

LEU     0.000    29.723    29.723     0.035

LEU     0.000    15.412    15.412     0.018

VAL     0.000     0.000     0.000     0.000

THR     0.000     2.202     2.202     0.003

LEU     2.053    16.513    18.566     0.022

ALA     1.026     0.000     1.026     0.002

SER    12.315     1.026    13.341     0.022

HIS    26.757    48.438    75.195     0.072

HIS     4.403    31.925    36.329     0.035

PRO    11.363    42.934    54.297     0.074

ALA    36.889    45.136    82.024     0.157

GLU     9.684    38.718    48.401     0.052

PHE     2.127     7.706     9.833     0.009

THR     2.202    54.223    56.424     0.078

PRO     1.026    25.320    26.346     0.036

ALA     5.355    28.623    33.978     0.065

VAL     0.000    18.715    18.715     0.026

HIS     0.000     4.403     4.403     0.004

ALA     3.153    15.412    18.566     0.036

SER     1.101     2.053     3.153     0.005

LEU     1.026    16.513    17.539     0.021

ASP     2.127    38.998    41.125     0.050

LYS     5.206    72.657    77.863     0.082

PHE     0.000    13.210    13.210     0.011

LEU     2.127    18.715    20.842     0.025

SER    12.837    47.879    60.717     0.098

SER     8.359    31.161    39.520     0.064

VAL     1.101    13.210    14.311     0.020

SER     3.303    17.166    20.469     0.033

THR     2.202    75.849    78.050     0.108

VAL     5.504    12.110    17.614     0.024

LEU     1.026    19.816    20.842     0.025

THR    26.757    23.025    49.782     0.069

SER     5.504    39.893    45.397     0.073

LYS    36.143    89.170   125.313     0.133

TYR    34.612    67.153   101.765     0.081

ARG    50.230   145.203   195.433     0.156

VAL    20.842    27.522    48.364     0.066

HIS    41.945    91.372   133.317     0.127

LEU     7.258     4.403    11.662     0.014

THR     7.631    65.604    73.236     0.101

ALA    22.894    53.942    76.837     0.147

GLU    10.561   120.407   130.968     0.141

GLU     0.000    46.704    46.704     0.050

LYS     3.153   104.582   107.736     0.114

ALA    17.745    38.530    56.275     0.108

HIS    10.561    73.758    84.319     0.080

VAL     0.000     4.403     4.403     0.006

SER    18.622    47.170    65.791     0.106

GLY    49.371     0.000    49.371     0.119

LEU     3.303     6.605     9.908     0.012

TRP    12.315    35.228    47.543     0.032

GLY    62.340     0.000    62.340     0.150

LYS    33.288    84.767   118.055     0.125

VAL    21.551     4.403    25.955     0.035

ASN     9.908    46.517    56.424     0.068

THR     6.232    72.546    78.778     0.109

GLU    15.468   103.315   118.784     0.128

GLU     7.333    84.470    91.803     0.099

VAL     0.000     7.706     7.706     0.011

GLY     8.583     0.000     8.583     0.021

GLY    11.662     0.000    11.662     0.028

GLU     1.101    49.577    50.678     0.055

ALA     0.000     5.504     5.504     0.011

LEU     1.101    13.210    14.311     0.017

GLY     0.000     0.000     0.000     0.000

ARG     0.000     9.908     9.908     0.009

LEU     0.000    16.513    16.513     0.020

LEU     0.000     4.403     4.403     0.005

VAL    11.438     9.908    21.346     0.029

VAL    14.368     0.000    14.368     0.020

TYR     0.000    38.941    38.941     0.031

PRO     6.232    51.741    57.973     0.079

TRP    20.394   112.288   132.683     0.090

THR     0.000    12.110    12.110     0.017

GLN     5.206    46.815    52.021     0.056

ARG    23.324   158.525   181.848     0.157

PHE    40.322    42.934    83.256     0.072

PHE     2.202    41.833    44.035     0.038

GLU    36.516   105.592   142.107     0.153

THR    26.981    91.168   118.149     0.163

PHE     7.333    37.429    44.762     0.039

GLY    37.933     0.000    37.933     0.091

ASP    17.465    74.729    92.194     0.112

LEU    10.859    13.210    24.070     0.029

SER    47.879    54.204   102.083     0.165

SER     6.605    43.419    50.025     0.081

ALA    18.715    20.916    39.631     0.076

ASN     3.153   106.878   110.032     0.132

ALA    14.162    11.009    25.171     0.048

ILE     2.053     3.303     5.355     0.006

MET    12.315    26.518    38.833     0.045

ASN    19.573    81.875   101.449     0.122

ASN     5.430    16.513    21.943     0.026

PRO    14.741    78.162    92.902     0.127

LYS     3.153   106.784   109.937     0.116

VAL     0.000     2.202     2.202     0.003

LYS     3.228    69.355    72.583     0.077

ALA    12.912    37.429    50.341     0.097

HIS     1.101    66.052    67.153     0.064

GLY     1.026     0.000     1.026     0.002

LYS    11.587    97.977   109.564     0.116

LYS    18.846   122.196   141.042     0.149

VAL     7.557    35.228    42.785     0.058

LEU     1.026     7.706     8.732     0.010

SER     6.381    54.055    60.436     0.098

SER     2.127    24.350    26.477     0.043

PHE     8.434    28.623    37.056     0.032

SER     3.079    29.705    32.784     0.053

ASP     6.307    79.991    86.298     0.105

GLY     5.504     0.000     5.504     0.013

LEU    13.416    20.916    34.332     0.041

LYS    41.572   128.801   170.374     0.180

ASN     1.101    62.209    63.310     0.076

LEU     6.605    19.816    26.421     0.032

ASP    36.367    77.715   114.082     0.138

ASN     1.101    79.375    80.476     0.097

LEU     5.504    12.110    17.614     0.021

LYS     9.609   105.683   115.293     0.122

GLY    39.314     0.000    39.314     0.095

THR    30.284    21.551    51.835     0.071

PHE     0.000     9.908     9.908     0.009

ALA     4.180    28.623    32.802     0.063

ALA    22.372    52.842    75.214     0.144

LEU     0.000    58.346    58.346     0.070

SER     0.000     1.101     1.101     0.002

GLU     1.026    88.929    89.956     0.097

LEU     3.303    73.758    77.061     0.092

HIS     0.000    45.136    45.136     0.043

CYS    25.955     0.000    25.955     0.040

ASP    29.108    60.922    90.030     0.109

LYS    30.862   117.793   148.655     0.157

LEU    14.442    67.153    81.595     0.097

HIS    21.999   113.389   135.388     0.129

VAL     3.228    22.017    25.245     0.034

ASP     4.403    67.975    72.378     0.088

PRO    11.363     9.908    21.271     0.029

GLU     4.403    97.904   102.307     0.110

ASN    10.263    25.973    36.236     0.044

PHE    14.517    15.412    29.929     0.026

LYS     5.280    86.968    92.249     0.098

LEU     1.026    30.824    31.851     0.038

LEU     0.000    34.127    34.127     0.041

GLY     5.504     0.000     5.504     0.013

ASN     1.026    28.977    30.004     0.036

VAL     1.101     2.202     3.303     0.005

LEU     0.000    15.412    15.412     0.018

VAL     0.000     2.202     2.202     0.003

CYS     1.026     4.883     5.909     0.009

VAL     3.303     2.202     5.504     0.008

LEU     2.202     5.504     7.706     0.009

ALA     0.000     0.000     0.000     0.000

HIS    11.289    34.127    45.416     0.043

HIS    36.143    47.337    83.480     0.080

PHE    19.573    23.118    42.692     0.037

GLY    11.009     0.000    11.009     0.026

LYS    30.657   165.130   195.787     0.207

GLU    20.394    64.392    84.786     0.091

PHE     0.000     0.000     0.000     0.000

THR     0.000    42.486    42.486     0.059

PRO     0.000    19.816    19.816     0.027

GLN     5.206    64.503    69.709     0.074

VAL     1.026    12.110    13.136     0.018

GLN     0.000     1.101     1.101     0.001

ALA     8.285    12.110    20.394     0.039

ALA     4.403     1.101     5.504     0.011

TYR     0.000    13.210    13.210     0.011

GLN     6.232    12.613    18.846     0.020

LYS     5.504    75.960    81.464     0.086

ILE     2.202    17.614    19.816     0.024

VAL     6.232    11.009    17.241     0.024

ALA     7.706    35.228    42.934     0.082

GLY     9.684     0.000     9.684     0.023

VAL     0.000    18.715    18.715     0.026

ALA     9.535     8.807    18.342     0.035

ASN    16.719    90.402   107.120     0.129

ALA     7.631     1.101     8.732     0.017

LEU     0.000    20.916    20.916     0.025

ALA     0.000     9.908     9.908     0.019

HIS    11.662    75.960    87.622     0.083

LYS    20.021    81.464   101.485     0.108

TYR    35.191    80.905   116.096     0.093

HIS    28.157   154.141   182.297     0.159


------------------------------

Final access %   : 0.0651
Final access Å^2 : 15034.4385


------------------------------

