RES  backbone sidechain     total         %
ARG    48.113   155.354   203.467     0.176

LYS    60.760   157.468   218.228     0.231

THR    25.060    44.584    69.644     0.096

SER    51.391    76.666   128.058     0.207

SER    11.625    38.799    50.424     0.081

LEU    11.625    65.524    77.149     0.092

SER     3.170    28.643    31.813     0.051

ILE     2.956    20.080    23.035     0.027

LEU     0.000    13.739    13.739     0.016

ALA    31.258    11.625    42.883     0.082

ILE    29.914    30.648    60.562     0.072

ALA     4.998     0.000     4.998     0.010

GLY    77.239     0.000    77.239     0.186

VAL    17.877    12.682    30.559     0.042

GLU    11.267   133.467   144.734     0.156

PRO    16.820    46.501    63.321     0.086

TYR    10.909    33.102    44.011     0.035

GLN    14.366   127.340   141.706     0.151

GLU    32.798    89.259   122.057     0.131

LYS     8.867   118.365   127.232     0.135

PRO    48.364    81.376   129.740     0.177

GLY    78.726     0.000    78.726     0.189

GLU    32.941    20.778    53.720     0.058

GLU    21.065    80.195   101.260     0.109

TYR    17.966    17.966    35.932     0.029

MET    13.793     5.514    19.307     0.022

ASN     2.114    28.248    30.362     0.037

GLU    14.438   135.796   150.233     0.162

ALA    18.378    36.989    55.367     0.106

GLN     1.057     8.938     9.995     0.011

LEU     0.985    38.046    39.031     0.047

ALA    16.050    36.989    53.039     0.102

HIS     6.341    27.478    33.819     0.032

PHE     0.000     8.455     8.455     0.007

ARG     0.000   118.365   118.365     0.102

ARG     1.057   107.797   108.854     0.094

ILE     1.970     4.227     6.198     0.007

LEU     0.000     0.000     0.000     0.000

GLU     3.099    62.515    65.614     0.071

ALA    12.324     2.114    14.438     0.028

TRP     1.057    34.875    35.932     0.024

ARG     0.000    68.694    68.694     0.059

ASN     1.970    75.447    77.418     0.093

GLN     0.985    79.998    80.983     0.086

LEU     0.000    12.682    12.682     0.015

ARG     3.099    95.115    98.214     0.085

ASP     4.998    66.438    71.436     0.087

GLU     3.941    68.355    72.296     0.078

VAL     2.042    19.023    21.065     0.029

ASP     9.082    83.061    92.143     0.112

ARG    13.452   135.274   148.727     0.129

THR     5.213    29.771    34.984     0.048

VAL     0.000    50.728    50.728     0.069

THR     1.970    71.614    73.585     0.101

HIS     4.227    76.092    80.319     0.077

MET     3.941    10.201    14.142     0.016

GLN    14.079   107.475   121.555     0.130

ASP     1.057    83.258    84.315     0.102

GLU     9.153    14.652    23.806     0.026

ALA    41.038    39.103    80.141     0.154

ALA    28.087    33.819    61.906     0.119

ASN     8.097    87.270    95.366     0.115

PHE    38.924   140.559   179.483     0.155

PRO    27.174    28.534    55.708     0.076

ASP     5.284    96.138   101.422     0.123

PRO    15.423    80.319    95.742     0.131

VAL    33.013    91.944   124.957     0.171

ASP     3.027    75.036    78.064     0.095

ARG     0.985   136.331   137.317     0.119

ALA    13.864    40.160    54.024     0.104

ALA    11.267    35.932    47.199     0.091

GLN     5.284    47.611    52.896     0.056

GLU    13.023    90.960   103.983     0.112

GLU    11.410    89.689   101.099     0.109

GLU     0.985    67.997    68.982     0.074

PHE     0.000    71.865    71.865     0.062

SER     6.341    46.053    52.394     0.085

LEU     8.311    99.342   107.654     0.128

GLU     7.398    19.023    26.421     0.028

LEU     0.000    35.932    35.932     0.043

ARG     6.054   138.445   144.499     0.125

ASN     0.985    74.857    75.842     0.091

ARG     2.114    64.467    66.580     0.058

ASP    12.808    29.860    42.668     0.052

ARG    17.393   129.990   147.383     0.128

GLU     1.057    26.546    27.603     0.030

ARG     8.097   110.967   119.064     0.103

LYS    14.223   137.388   151.611     0.161

LEU     6.341    47.557    53.898     0.064

ILE     0.000    16.909    16.909     0.020

LYS    13.864    99.342   113.207     0.120

LYS     6.341    68.694    75.035     0.079

ILE     0.000     0.000     0.000     0.000

GLU     6.968    36.613    43.581     0.047

LYS    10.353    76.092    86.445     0.092

THR     0.000     0.000     0.000     0.000

LEU    11.894    29.591    41.485     0.049

LYS     4.998   132.104   137.102     0.145

LYS     6.341    28.534    34.875     0.037

VAL     5.983    12.682    18.665     0.025

GLU    33.998    91.390   125.389     0.135

ASP    15.907    73.550    89.456     0.109

GLU    34.697   101.995   136.692     0.147

ASP    13.936    87.970   101.906     0.124

PHE     8.097     7.398    15.494     0.013

GLY     6.341     0.000     6.341     0.015

TYR    16.820    72.474    89.294     0.071

CYS     9.852     0.000     9.852     0.015

GLU    40.823    75.609   116.432     0.125

SER    40.608    31.813    72.421     0.117

CYS     5.284    35.291    40.576     0.062

GLY    67.620     0.000    67.620     0.163

VAL     9.511    56.012    65.524     0.089

GLU    22.875    79.962   102.837     0.111

ILE     4.084     1.057     5.141     0.006

GLY    32.762     0.000    32.762     0.079

ILE     8.455    19.023    27.478     0.033

ARG    14.921   108.854   123.775     0.107

ARG    12.610    52.842    65.452     0.057

LEU     0.985     1.057     2.042     0.002

GLU     5.983     9.225    15.208     0.016

ALA     9.010    33.819    42.829     0.082

ARG     0.000   136.331   136.331     0.118

PRO     0.000     0.000     0.000     0.000

THR     0.000    10.568    10.568     0.015

ALA    14.151     2.114    16.265     0.031

ASP     3.170    23.376    26.546     0.032

LEU     5.284    32.762    38.046     0.045

CYS     1.057    13.832    14.889     0.023

ILE     2.042    88.774    90.816     0.108

ASP    10.497    96.012   106.509     0.129

CYS     0.985    23.162    24.148     0.037

LYS     1.970    66.580    68.551     0.073

THR     0.000    51.696    51.696     0.071

LEU     0.985    89.831    90.816     0.108

ALA     9.924    29.591    39.515     0.076

GLU     9.153    90.387    99.541     0.107

ILE     0.985    60.239    61.225     0.073

ARG     3.170   117.308   120.479     0.104

GLU     1.970    99.756   101.726     0.109

LYS    29.843   124.706   154.549     0.164

GLN    40.823   105.290   146.113     0.156

MET    41.952    98.936   140.888     0.164

ALA    66.528    29.591    96.119     0.184


------------------------------

Final access %   : 0.0830
Final access Å^2 : 10169.1947


------------------------------

