RES  backbone sidechain     total         %
GLY     0.000    38.050    38.050     0.045

ILE     0.000     7.295     7.295     0.004

VAL     0.000     0.000     0.000     0.000

GLU     0.000    21.551    21.551     0.015

GLN     0.000    30.971    30.971     0.019

CYS     0.000     0.000     0.000     0.000

CYS     0.000     0.000     0.000     0.000

ALA     0.000    16.813    16.813     0.018

SER     0.000     9.734     9.734     0.009

VAL     0.000     0.000     0.000     0.000

CYS     0.000     0.000     0.000     0.000

SER     0.000     0.000     0.000     0.000

LEU     0.000     0.000     0.000     0.000

TYR     0.000     1.026     1.026     0.001

GLN     0.000     0.000     0.000     0.000

LEU     0.000     0.000     0.000     0.000

GLU     6.158     4.424    10.582     0.007

ASN     0.000     0.000     0.000     0.000

TYR     0.000     0.000     0.000     0.000

CYS     0.000     0.000     0.000     0.000

ASN    14.368    29.136    43.503     0.030

PHE    13.416    68.568    81.984     0.039

VAL     2.202    93.129    95.330     0.064

ASN    17.446    53.288    70.734     0.053

GLN     0.000    70.215    70.215     0.043

HIS     0.000     1.770     1.770     0.001

LEU     0.000    28.532    28.532     0.016

CYS     0.000     0.000     0.000     0.000

GLY     0.000     0.000     0.000     0.000

SER     0.000     0.000     0.000     0.000

HIS     0.000     4.424     4.424     0.003

LEU     0.000     0.000     0.000     0.000

VAL     0.000     0.000     0.000     0.000

GLU     0.000     0.000     0.000     0.000

ALA     0.000     0.000     0.000     0.000

LEU     0.000     0.000     0.000     0.000

TYR     0.000     9.838     9.838     0.005

LEU     2.053    11.503    13.556     0.008

VAL     0.000     0.000     0.000     0.000

CYS     0.000     0.000     0.000     0.000

GLY     0.000     0.000     0.000     0.000

GLU     0.000     9.236     9.236     0.006

ARG     1.026    11.503    12.530     0.006

GLY     0.000     0.000     0.000     0.000

PHE     0.000    98.117    98.117     0.051

PHE     0.000    53.093    53.093     0.028

TYR     0.000     0.000     0.000     0.000

THR     0.000     1.770     1.770     0.001

PRO     0.000    30.971    30.971     0.023

LYS     1.026    20.352    21.379     0.010

ALA     5.131    36.846    41.977     0.040

GLY     0.000    27.431    27.431     0.033

ILE     0.000    23.223    23.223     0.013

VAL     0.000     0.000     0.000     0.000

GLU     0.000    22.578    22.578     0.016

GLN     0.000     0.000     0.000     0.000

CYS     0.000     0.000     0.000     0.000

CYS     0.000     0.000     0.000     0.000

ALA     0.000     0.885     0.885     0.001

SER     0.000     4.424     4.424     0.004

VAL     0.000     0.000     0.000     0.000

CYS     0.000     0.000     0.000     0.000

SER     0.000     1.770     1.770     0.002

LEU     0.000     1.770     1.770     0.001

TYR     0.000    19.713    19.713     0.010

GLN     0.000     0.000     0.000     0.000

LEU     0.000     0.000     0.000     0.000

GLU     0.000     3.079     3.079     0.002

ASN     0.000     0.000     0.000     0.000

TYR     0.000     0.000     0.000     0.000

CYS     0.000     0.000     0.000     0.000

ASN     0.000    11.928    11.928     0.008

PHE    16.495   220.384   236.879     0.113

VAL     8.210    70.122    78.332     0.052

ASN    14.368   129.897   144.265     0.108

GLN     1.101    17.237    18.338     0.011

HIS     0.000   127.625   127.625     0.078

LEU    12.315    37.165    49.480     0.028

CYS     0.000    17.698    17.698     0.018

GLY     0.000     5.309     5.309     0.008

SER     0.000     0.000     0.000     0.000

HIS     0.000     0.000     0.000     0.000

LEU     0.000     0.885     0.885     0.000

VAL     0.000     0.000     0.000     0.000

GLU     0.000     0.000     0.000     0.000

ALA     0.000     0.000     0.000     0.000

LEU     0.000    14.158    14.158     0.008

TYR     0.000     0.000     0.000     0.000

LEU     0.000    16.813    16.813     0.009

VAL     0.000     0.885     0.885     0.001

CYS     0.000     0.000     0.000     0.000

GLY     0.000     0.000     0.000     0.000

GLU     0.000     5.131     5.131     0.004

ARG     0.000     2.655     2.655     0.001

GLY     0.000     0.000     0.000     0.000

PHE     0.000     0.000     0.000     0.000

PHE     0.000    32.741    32.741     0.017

TYR     0.000     0.000     0.000     0.000

THR     1.026    51.539    52.565     0.040

PRO     9.236    42.474    51.711     0.039

LYS    16.495   134.502   150.997     0.074

ALA    24.779   138.640   163.419     0.156

GLY     1.101    42.474    43.575     0.052

ILE     0.000    30.086    30.086     0.017

VAL     0.000     0.000     0.000     0.000

GLU     0.000     0.000     0.000     0.000

GLN     0.000     0.000     0.000     0.000

CYS     0.000     0.000     0.000     0.000

CYS     0.000     0.000     0.000     0.000

ALA     0.000     0.000     0.000     0.000

SER     0.000     2.655     2.655     0.003

VAL     0.000     0.000     0.000     0.000

CYS     0.000     0.000     0.000     0.000

SER     0.000     0.000     0.000     0.000

LEU     0.000     0.000     0.000     0.000

TYR     0.000    41.904    41.904     0.021

GLN     0.000    37.844    37.844     0.023

LEU     0.000     0.000     0.000     0.000

GLU     0.000     0.000     0.000     0.000

ASN     0.000     0.000     0.000     0.000

TYR     0.000     0.000     0.000     0.000

CYS     0.000     0.000     0.000     0.000

ASN     7.184    36.496    43.680     0.030

PHE    18.622   270.369   288.991     0.138

VAL     9.236    57.517    66.754     0.045

ASN     1.026     9.734    10.760     0.008

GLN     3.079     0.885     3.964     0.002

HIS     0.000    19.230    19.230     0.012

LEU     0.000    12.388    12.388     0.007

CYS     0.000     0.000     0.000     0.000

GLY     0.000     0.000     0.000     0.000

SER     0.000     0.000     0.000     0.000

HIS     0.000     0.000     0.000     0.000

LEU     0.000     3.540     3.540     0.002

VAL     0.000     0.000     0.000     0.000

GLU     0.000     5.875     5.875     0.004

ALA     7.184    28.316    35.500     0.038

LEU     0.000     7.079     7.079     0.004

TYR     0.000    22.688    22.688     0.011

LEU     0.000    73.661    73.661     0.042

VAL     0.000    15.928    15.928     0.011

CYS     0.000     0.000     0.000     0.000

GLY     0.000     0.000     0.000     0.000

GLU     0.000    17.446    17.446     0.012

ARG     0.000     0.000     0.000     0.000

GLY     8.210     0.885     9.095     0.014

PHE     0.000    36.043    36.043     0.019

PHE     0.000    79.556    79.556     0.041

TYR     0.000     2.655     2.655     0.001

THR     0.000     0.000     0.000     0.000

PRO     0.000     0.000     0.000     0.000

LYS     7.184     4.424    11.608     0.006

ALA     0.000    16.813    16.813     0.016

GLY     5.355    85.834    91.189     0.109

ILE     0.000    43.359    43.359     0.024

VAL     0.000    32.741    32.741     0.022

GLU     0.000    61.442    61.442     0.043

GLN     0.000     0.000     0.000     0.000

CYS     0.000     0.000     0.000     0.000

CYS     0.000     0.000     0.000     0.000

ALA     0.000     0.000     0.000     0.000

SER     0.000     0.000     0.000     0.000

VAL     0.000     0.000     0.000     0.000

CYS     0.000     0.000     0.000     0.000

SER     0.000     0.000     0.000     0.000

LEU     0.000     1.770     1.770     0.001

TYR     0.000    28.599    28.599     0.014

GLN     0.000     5.131     5.131     0.003

LEU     0.000     0.000     0.000     0.000

GLU     0.000    11.147    11.147     0.008

ASN     0.000     0.000     0.000     0.000

TYR     0.000     0.000     0.000     0.000

CYS     0.000     0.000     0.000     0.000

ASN     0.000     3.971     3.971     0.003

PHE    15.468   256.190   271.659     0.130

VAL    16.420   128.524   144.944     0.097

ASN    19.499   127.198   146.697     0.109

GLN    15.468   115.545   131.014     0.081

HIS     2.202    29.201    31.403     0.019

LEU     7.184    65.481    72.665     0.041

CYS     0.000     0.000     0.000     0.000

GLY     0.000     0.000     0.000     0.000

SER     0.000     0.000     0.000     0.000

HIS     0.000     1.986     1.986     0.001

LEU     0.000     5.309     5.309     0.003

VAL     0.000     0.000     0.000     0.000

GLU     0.000     0.000     0.000     0.000

ALA     0.000     0.000     0.000     0.000

LEU     0.000     0.000     0.000     0.000

TYR     0.000     4.424     4.424     0.002

LEU     0.000     1.770     1.770     0.001

VAL     0.000     0.000     0.000     0.000

CYS     0.000     0.000     0.000     0.000

GLY     0.000     0.000     0.000     0.000

GLU     0.000    33.442    33.442     0.023

ARG     0.000     3.540     3.540     0.002

GLY     6.531    18.583    25.113     0.037

PHE     0.000   164.699   164.699     0.086

PHE     5.131     0.885     6.016     0.003

TYR     2.053   188.611   190.663     0.094

THR    10.337     9.734    20.071     0.015

PRO     0.000   107.071   107.071     0.081

LYS    12.315    83.179    95.494     0.047

ALA    30.060   100.054   130.114     0.125

GLY     0.000     0.000     0.000     0.000

ILE     0.000    11.503    11.503     0.006

VAL     0.000     0.000     0.000     0.000

GLU     0.000     3.079     3.079     0.002

GLN     0.000     7.079     7.079     0.004

CYS     0.000     0.000     0.000     0.000

CYS     0.000     0.000     0.000     0.000

ALA     0.000     3.540     3.540     0.004

SER     0.000     1.770     1.770     0.002

VAL     0.000     1.770     1.770     0.001

CYS     0.000     0.000     0.000     0.000

SER     0.000     0.000     0.000     0.000

LEU     0.000     0.000     0.000     0.000

TYR     0.000     7.220     7.220     0.004

GLN     0.000     1.770     1.770     0.001

LEU     0.000     0.000     0.000     0.000

GLU     0.000     7.184     7.184     0.005

ASN     0.000     0.000     0.000     0.000

TYR     0.000     0.000     0.000     0.000

CYS     0.000     0.000     0.000     0.000

ASN     6.158    47.221    53.378     0.037

PHE     7.258   219.262   226.521     0.108

VAL     0.000     0.000     0.000     0.000

ASN     1.026    53.215    54.241     0.040

GLN     0.000    30.907    30.907     0.019

HIS     0.000     0.000     0.000     0.000

LEU     0.000     0.000     0.000     0.000

CYS     0.000     0.000     0.000     0.000

GLY     0.000     0.000     0.000     0.000

SER     0.000     0.000     0.000     0.000

HIS     0.000     0.000     0.000     0.000

LEU     0.000     0.000     0.000     0.000

VAL     0.000     4.424     4.424     0.003

GLU     0.000     0.000     0.000     0.000

ALA     0.000     0.000     0.000     0.000

LEU     0.000     0.000     0.000     0.000

TYR     0.000    13.810    13.810     0.007

LEU     0.000     6.194     6.194     0.003

VAL     0.000     0.000     0.000     0.000

CYS     0.000     0.000     0.000     0.000

GLY     0.000     0.000     0.000     0.000

GLU     0.000    25.834    25.834     0.018

ARG     1.101    80.245    81.346     0.036

GLY     3.303    13.273    16.576     0.025

PHE     0.000    65.593    65.593     0.034

PHE     0.000   100.103   100.103     0.052

TYR     9.236   115.586   124.822     0.062

THR     0.000    50.224    50.224     0.038

PRO    13.341    87.603   100.945     0.076

LYS     0.000    64.812    64.812     0.032

ALA     6.232    86.934    93.167     0.089

GLY     0.000     9.734     9.734     0.012

ILE     0.000     2.655     2.655     0.001

VAL     0.000     0.000     0.000     0.000

GLU     0.000     8.210     8.210     0.006

GLN     0.000     8.849     8.849     0.005

CYS     0.000     0.000     0.000     0.000

CYS     0.000     0.000     0.000     0.000

ALA     0.000     0.885     0.885     0.001

SER     0.000    10.619    10.619     0.010

VAL     0.000     0.000     0.000     0.000

CYS     0.000     0.000     0.000     0.000

SER     0.000     0.000     0.000     0.000

LEU     0.000     0.000     0.000     0.000

TYR     0.000     1.026     1.026     0.001

GLN     0.000     0.000     0.000     0.000

LEU     0.000     0.000     0.000     0.000

GLU     0.000     0.000     0.000     0.000

ASN     0.000     0.000     0.000     0.000

TYR     0.000     0.000     0.000     0.000

CYS     0.000     0.000     0.000     0.000

ASN     0.000     8.849     8.849     0.006

PHE     8.210   144.131   152.341     0.073

VAL     0.000    46.014    46.014     0.031

ASN     3.079    58.332    61.410     0.046

GLN     0.000     9.236     9.236     0.006

HIS     0.000     0.000     0.000     0.000

LEU     0.000     0.000     0.000     0.000

CYS     0.000     0.000     0.000     0.000

GLY     0.000     0.000     0.000     0.000

SER     0.000     5.309     5.309     0.005

HIS     0.000     8.849     8.849     0.005

LEU     0.000     0.000     0.000     0.000

VAL     0.000    15.043    15.043     0.010

GLU     0.000    21.521    21.521     0.015

ALA     0.000     0.000     0.000     0.000

LEU     0.000     0.000     0.000     0.000

TYR     0.000     7.964     7.964     0.004

LEU     0.000    38.935    38.935     0.022

VAL     0.000     0.000     0.000     0.000

CYS     0.000     0.000     0.000     0.000

GLY     0.000     0.000     0.000     0.000

GLU     0.000    35.852    35.852     0.025

ARG     0.000     7.943     7.943     0.004

GLY     4.180    38.050    42.230     0.063

PHE     0.000   161.808   161.808     0.084

PHE     0.000    38.698    38.698     0.020

TYR     3.079    67.082    70.161     0.035

THR    10.263     8.849    19.111     0.014

PRO     0.000    27.431    27.431     0.021

LYS     1.101    90.258    91.359     0.045

ALA     9.311    25.766    35.077     0.034

GLY     0.000     3.540     3.540     0.004

ILE     0.000     1.770     1.770     0.001

VAL     0.000     0.000     0.000     0.000

GLU     0.000     0.000     0.000     0.000

GLN     0.000    28.964    28.964     0.018

CYS     0.000     0.000     0.000     0.000

CYS     0.000     0.000     0.000     0.000

ALA     0.000     2.655     2.655     0.003

SER     0.000     1.770     1.770     0.002

VAL     0.000     3.540     3.540     0.002

CYS     0.000     0.000     0.000     0.000

SER     0.000    15.467    15.467     0.015

LEU     0.000     0.000     0.000     0.000

TYR     0.000    67.921    67.921     0.034

GLN     0.000     0.000     0.000     0.000

LEU     0.000     0.000     0.000     0.000

GLU     0.000    20.600    20.600     0.014

ASN     0.000     0.000     0.000     0.000

TYR     0.000     0.000     0.000     0.000

CYS     0.000     0.000     0.000     0.000

ASN     0.000     2.053     2.053     0.001

PHE     0.000    45.519    45.519     0.022

VAL     0.000     5.309     5.309     0.004

ASN     0.000    43.791    43.791     0.033

GLN     3.079     1.911     4.990     0.003

HIS     0.000     0.000     0.000     0.000

LEU     0.000     5.309     5.309     0.003

CYS     0.000     0.000     0.000     0.000

GLY     0.000     0.000     0.000     0.000

SER     0.000     0.000     0.000     0.000

HIS     0.000     0.000     0.000     0.000

LEU     0.000     0.000     0.000     0.000

VAL     0.000     0.000     0.000     0.000

GLU     0.000     0.000     0.000     0.000

ALA     0.000     0.000     0.000     0.000

LEU     0.000     0.000     0.000     0.000

TYR     0.000    11.503    11.503     0.006

LEU     0.000     0.000     0.000     0.000

VAL     0.000     0.000     0.000     0.000

CYS     0.000     0.000     0.000     0.000

GLY     0.000     0.000     0.000     0.000

GLU     0.000     1.026     1.026     0.001

ARG     1.026    38.029    39.055     0.017

GLY     0.000     0.000     0.000     0.000

PHE     0.000    59.029    59.029     0.031

PHE     0.000    65.655    65.655     0.034

TYR     0.000    19.750    19.750     0.010

THR     0.000     6.194     6.194     0.005

PRO     0.000    61.057    61.057     0.046

LYS    12.315    63.927    76.243     0.037

ALA    28.959   122.534   151.493     0.145

GLY     0.000     0.885     0.885     0.001

ILE     0.000     0.000     0.000     0.000

VAL     0.000     0.000     0.000     0.000

GLU     0.000    33.866    33.866     0.024

GLN     0.000    26.546    26.546     0.016

CYS     0.000     0.000     0.000     0.000

CYS     0.000     0.885     0.885     0.001

ALA     0.000    15.043    15.043     0.016

SER     0.000     0.000     0.000     0.000

VAL     0.000     0.000     0.000     0.000

CYS     0.000     0.000     0.000     0.000

SER     0.000     0.000     0.000     0.000

LEU     0.000     7.079     7.079     0.004

TYR     0.000    26.651    26.651     0.013

GLN     0.000     4.105     4.105     0.003

LEU     0.000     0.000     0.000     0.000

GLU     1.026     8.210     9.236     0.006

ASN     9.236    52.323    61.560     0.046

TYR     0.000    19.713    19.713     0.010

CYS     0.000     0.000     0.000     0.000

ASN     0.000     0.000     0.000     0.000

PHE     8.210   192.152   200.362     0.096

VAL    10.263   102.862   113.125     0.076

ASN     7.184    16.069    23.253     0.017

GLN     0.000    93.585    93.585     0.058

HIS     1.026    23.571    24.597     0.015

LEU     0.000     2.655     2.655     0.001

CYS     0.000     0.000     0.000     0.000

GLY     0.000     0.000     0.000     0.000

SER     0.000     0.000     0.000     0.000

HIS     0.000     0.000     0.000     0.000

LEU     0.000    40.921    40.921     0.023

VAL     0.000     0.000     0.000     0.000

GLU     0.000     0.000     0.000     0.000

ALA     0.000    26.762    26.762     0.028

LEU     0.000     0.000     0.000     0.000

TYR     0.000    28.964    28.964     0.014

LEU     0.000    78.754    78.754     0.044

VAL     0.000     7.079     7.079     0.005

CYS     0.000     0.000     0.000     0.000

GLY     0.000     0.000     0.000     0.000

GLU     0.000     4.105     4.105     0.003

ARG     0.000     5.525     5.525     0.002

GLY     0.000     0.000     0.000     0.000

PHE    14.368    88.662   103.030     0.054

PHE     0.000    97.922    97.922     0.051

TYR    16.420   106.495   122.915     0.061

THR     0.000    22.510    22.510     0.017

PRO     2.053   110.610   112.663     0.085

LYS    12.315    60.172    72.487     0.035

ALA    32.915    86.290   119.205     0.114

GLY     0.000     0.885     0.885     0.001

ILE     0.000     0.000     0.000     0.000

VAL     0.000     0.000     0.000     0.000

GLU     0.000    39.034    39.034     0.027

GLN     0.000    17.914    17.914     0.011

CYS     0.000     0.000     0.000     0.000

CYS     0.000     0.000     0.000     0.000

ALA     0.000     0.885     0.885     0.001

SER     0.000     0.000     0.000     0.000

VAL     0.000    31.856    31.856     0.021

CYS     0.000     0.000     0.000     0.000

SER     0.000     8.105     8.105     0.008

LEU     0.000     1.770     1.770     0.001

TYR     0.000    30.086    30.086     0.015

GLN     0.000     0.000     0.000     0.000

LEU     0.000     0.000     0.000     0.000

GLU     0.000     0.000     0.000     0.000

ASN     0.000     0.000     0.000     0.000

TYR     0.000     0.000     0.000     0.000

CYS     0.000     0.000     0.000     0.000

ASN     1.026    51.162    52.188     0.036

PHE     0.000   241.663   241.663     0.116

VAL    17.446    76.985    94.431     0.063

ASN     0.000    27.463    27.463     0.020

GLN     1.026    90.211    91.237     0.056

HIS     0.000    14.374    14.374     0.009

LEU     0.000     1.770     1.770     0.001

CYS     0.000     0.000     0.000     0.000

GLY     0.000     0.000     0.000     0.000

SER     0.000     0.000     0.000     0.000

HIS     0.000    37.060    37.060     0.023

LEU     0.000     0.000     0.000     0.000

VAL     0.000     0.000     0.000     0.000

GLU     0.000     1.911     1.911     0.001

ALA     0.000     0.000     0.000     0.000

LEU     0.000     0.000     0.000     0.000

TYR     0.000     8.529     8.529     0.004

LEU     0.000    60.388    60.388     0.034

VAL     0.000     0.000     0.000     0.000

CYS     0.000     0.000     0.000     0.000

GLY     0.000     0.000     0.000     0.000

GLU     0.000     4.105     4.105     0.003

ARG     0.000     3.540     3.540     0.002

GLY     0.000     0.000     0.000     0.000

PHE     0.000     2.655     2.655     0.001

PHE     0.000     1.770     1.770     0.001

TYR     0.000    56.875    56.875     0.028

THR     0.000     0.000     0.000     0.000

PRO     0.000    61.057    61.057     0.046

LYS     1.026   141.797   142.823     0.070

ALA    19.499    61.090    80.588     0.077

GLY     0.000     7.964     7.964     0.009

ILE     0.000     0.000     0.000     0.000

VAL     0.000     0.000     0.000     0.000

GLU     1.026    11.289    12.315     0.009

GLN     0.000     0.885     0.885     0.001

CYS     0.000     0.000     0.000     0.000

CYS     0.000     0.000     0.000     0.000

ALA     0.000     0.000     0.000     0.000

SER     0.000     0.885     0.885     0.001

VAL     0.000     0.000     0.000     0.000

CYS     0.000     0.000     0.000     0.000

SER     0.000     0.000     0.000     0.000

LEU     0.000     0.000     0.000     0.000

TYR     0.000    35.920    35.920     0.018

GLN     0.000     0.000     0.000     0.000

LEU     0.000     5.309     5.309     0.003

GLU     0.000     0.000     0.000     0.000

ASN     0.000     0.000     0.000     0.000

TYR     0.000     0.000     0.000     0.000

CYS     0.000     0.000     0.000     0.000

ASN     5.131     5.131    10.263     0.007

PHE     0.000   137.031   137.031     0.066

VAL     0.000    15.928    15.928     0.011

ASN     0.000     7.079     7.079     0.005

GLN     0.000     0.000     0.000     0.000

HIS     0.000     0.000     0.000     0.000

LEU     0.000     0.000     0.000     0.000

CYS     0.000     0.000     0.000     0.000

GLY     0.000     0.000     0.000     0.000

SER     0.000    26.578    26.578     0.025

HIS     0.000     8.849     8.849     0.005

LEU     0.000     0.000     0.000     0.000

VAL     0.000    13.273    13.273     0.009

GLU     0.000    49.341    49.341     0.034

ALA     0.000     0.000     0.000     0.000

LEU     0.000     0.000     0.000     0.000

TYR     0.000    60.248    60.248     0.030

LEU     1.026    78.086    79.112     0.045

VAL     0.000     5.309     5.309     0.004

CYS     0.000     0.000     0.000     0.000

GLY    10.263     0.000    10.263     0.015

GLU     5.131    51.430    56.562     0.039

ARG     0.000     1.101     1.101     0.000

GLY    17.446     0.000    17.446     0.026

PHE     0.000   119.765   119.765     0.062

PHE     0.000    11.719    11.719     0.006

TYR     9.236   114.631   123.868     0.061

THR     0.000     2.655     2.655     0.002

PRO     3.079    83.179    86.258     0.065

LYS    53.980    70.122   124.102     0.061


------------------------------

Final access %   : 0.0155
Final access Å^2 : 11418.5335


------------------------------

